1000 10
2 800 4 911 5 709 0 584 7 98 8 686 9 355 1 886 3 341 6 644
9 407 3 791 0 984 7 85 5 58 2 466 6 569 8 788 4 664 1 762
4 381 7 457 0 193 8 817 1 510 9 995 2 484 5 834 6 70 3 722
6 548 2 451 4 960 7 227 9 474 8 670 1 110 0 913 3 297 5 674
1 788 0 780 5 233 7 139 6 883 2 953 9 236 3 962 4 322 8 150
2 548 1 682 6 831 7 584 8 717 5 913 0 108 9 291 3 751 4 878
3 916 1 533 0 35 8 517 9 564 6 975 5 254 7 925 2 398 4 993
7 220 1 523 9 193 0 785 6 652 5 892 4 21 3 616 8 490 2 940
5 314 6 41 8 418 3 758 1 344 2 655 7 679 9 742 0 688 4 714
7 739 0 539 1 522 2 645 5 433 8 595 6 784 4 599 9 262 3 466
0 79 3 979 7 774 9 75 6 870 5 143 2 67 8 841 1 935 4 750
4 56 3 882 2 339 8 42 0 164 7 201 5 290 1 114 6 834 9 798
4 40 8 771 5 750 6 756 2 875 3 622 1 521 7 344 9 880 0 902
4 141 3 33 2 957 1 788 0 684 5 631 6 945 9 657 8 786 7 92
0 744 5 207 1 228 8 786 3 699 2 316 6 368 7 696 4 516 9 324
3 548 7 309 9 791 2 154 4 226 0 775 6 811 1 731 8 457 5 535
8 744 0 792 2 559 6 597 4 683 3 774 5 410 1 676 7 21 9 259
1 742 6 946 0 162 9 974 5 32 8 263 3 476 4 404 2 538 7 887
7 880 2 603 6 887 8 725 9 16 4 532 5 798 0 821 1 496 3 538
0 667 8 822 7 316 2 162 4 200 5 67 1 366 9 446 3 652 6 845
7 126 0 657 8 306 9 199 6 897 3 681 5 450 1 645 4 972 2 356
5 788 4 689 1 850 9 761 7 232 3 451 6 697 2 557 0 211 8 373
7 643 1 230 8 788 2 472 3 544 0 967 6 885 4 79 9 25 5 416
8 53 5 382 1 247 6 337 0 98 4 406 2 754 7 787 3 987 9 816
6 166 5 395 8 676 1 899 4 335 3 876 2 475 9 788 7 13 0 23
9 527 1 809 8 202 4 970 2 928 6 562 7 289 5 979 3 273 0 348
7 425 9 375 1 114 6 163 5 790 3 212 4 834 0 748 8 49 2 207
0 626 5 340 6 813 2 202 1 765 7 104 8 155 4 214 9 619 3 651
4 896 9 953 1 909 8 541 7 665 3 171 0 619 6 502 5 401 2 259
7 160 4 239 9 233 1 609 3 527 6 968 5 326 0 120 2 759 8 332
0 385 8 34 5 938 6 782 4 151 7 687 1 163 9 302 2 809 3 556
8 790 5 803 2 662 1 172 7 729 9 55 4 651 6 550 0 688 3 842
6 173 3 890 4 543 8 3 1 262 5 641 0 72 9 490 7 971 2 664
5 468 6 211 8 390 9 96 7 518 3 912 1 471 2 438 4 979 0 39
9 589 8 858 3 878 4 922 6 659 5 358 7 512 0 9 2 421 1 397
2 876 3 48 4 369 1 381 9 89 8 942 5 443 0 250 7 8 6 604
0 353 6 305 4 597 2 189 1 461 3 686 7 595 9 704 8 137 5 938
8 448 6 519 4 580 7 252 3 248 9 820 1 235 5 507 2 245 0 383
8 251 1 341 2 667 4 918 6 330 3 735 0 970 9 770 5 421 7 794
9 68 6 897 7 796 1 454 5 807 8 877 2 930 3 518 4 893 0 321
1 809 9 831 3 94 6 515 5 594 2 206 7 543 4 907 8 777 0 581
6 236 5 782 8 439 4 26 7 977 0 207 2 10 1 837 9 806 3 19
0 639 2 187 6 313 1 575 8 912 7 755 5 501 4 953 3 424 9 173
6 783 4 599 0 178 7 58 8 42 5 999 3 274 2 668 9 33 1 949
9 835 5 2 2 873 3 738 0 592 8 464 7 945 4 999 6 686 1 505
1 506 4 646 3 454 5 378 6 344 7 985 0 1 9 781 8 11 2 418
6 60 7 934 0 991 5 358 3 674 9 758 1 822 8 191 4 505 2 961
1 520 9 980 8 380 0 238 7 689 5 287 4 120 6 419 3 473 2 595
9 595 6 106 2 89 0 263 5 166 7 4 3 856 8 100 1 859 4 152
5 477 8 663 6 473 4 407 2 175 7 963 0 324 9 624 1 632 3 366
7 98 6 963 1 849 2 998 0 25 8 436 5 31 4 600 3 611 9 462
3 843 5 77 1 643 2 698 0 647 7 634 4 298 8 123 6 547 9 562
2 986 3 774 5 472 1 706 8 332 4 883 0 828 9 120 6 532 7 18
4 84 6 265 3 546 8 845 0 752 5 574 9 732 2 200 1 927 7 186
9 590 1 63 5 572 8 515 7 300 3 277 6 176 0 90 2 38 4 196
1 415 9 281 4 18 5 325 6 23 0 464 7 744 2 541 8 234 3 819
2 534 9 675 1 460 6 908 7 236 3 42 0 456 8 832 5 722 4 591
8 374 3 145 7 733 2 641 5 175 6 728 0 72 9 447 1 769 4 564
0 631 7 970 4 245 2 643 8 799 1 217 6 46 9 852 5 442 3 235
6 724 0 151 4 190 2 381 1 598 8 362 7 141 3 679 5 639 9 408
8 871 3 325 7 999 2 640 1 419 5 655 0 850 9 744 6 181 4 757
2 157 0 595 9 577 7 483 6 964 1 278 5 677 3 733 8 865 4 387
8 509 0 567 3 16 5 440 7 976 4 484 1 254 9 32 2 912 6 33
0 783 4 827 6 303 5 492 1 502 8 484 9 149 2 366 3 551 7 119
5 453 9 3 8 672 6 901 3 375 2 562 0 223 1 197 4 553 7 893
4 85 5 145 2 238 1 559 3 840 8 386 0 256 6 980 9 222 7 25
3 266 0 338 4 829 7 339 6 294 9 74 8 935 5 120 1 646 2 627
6 523 1 705 0 950 8 787 9 263 7 507 4 598 3 274 5 265 2 852
2 573 3 726 4 917 8 457 9 880 7 901 6 289 5 978 1 995 0 586
9 188 6 450 7 902 1 455 3 636 5 54 8 145 0 491 4 295 2 946
8 362 9 936 7 154 5 226 2 755 1 275 3 277 6 564 0 985 4 273
4 279 0 968 5 806 1 139 8 253 2 672 9 176 7 446 3 526 6 770
4 859 8 282 1 955 7 15 3 881 5 356 9 626 2 63 6 122 0 481
4 9 8 971 0 78 5 938 6 111 3 543 2 15 1 271 9 486 7 66
5 924 9 985 6 61 4 707 2 856 7 385 8 674 0 2 3 130 1 46
2 269 4 64 0 765 7 134 3 183 8 459 1 775 5 525 9 49 6 266
7 782 6 323 0 385 9 546 1 718 5 237 2 215 4 835 3 280 8 306
0 695 7 442 3 13 9 632 4 831 6 211 8 344 1 66 5 791 2 674
0 153 1 457 2 632 9 79 7 461 6 357 5 861 3 332 8 275 4 349
6 438 9 139 7 898 3 834 4 308 1 161 2 37 0 837 5 535 8 826
3 841 8 112 4 938 5 279 0 645 1 32 6 712 9 99 2 144 7 317
5 48 4 285 1 217 3 115 7 508 2 506 6 439 8 992 9 392 0 835
7 985 9 498 4 461 0 551 5 576 2 668 8 837 1 445 3 232 6 253
7 272 4 816 1 429 0 582 5 805 8 38 2 635 6 830 3 237 9 119
5 29 6 940 0 394 3 399 7 431 1 215 4 493 2 360 9 112 8 21
6 956 7 447 0 558 4 159 8 826 5 224 3 877 2 277 1 816 9 777
5 531 1 123 8 473 7 921 0 458 4 575 2 52 9 259 3 209 6 30
7 106 2 115 6 828 0 779 1 703 5 347 8 399 4 315 9 102 3 714
5 738 0 559 6 837 3 994 4 534 7 447 9 240 1 844 2 862 8 680
9 977 6 778 0 296 7 202 4 221 3 601 8 75 5 920 1 449 2 570
3 387 7 316 2 747 4 843 0 223 8 166 5 949 9 926 1 764 6 937
9 893 7 581 2 490 8 883 4 192 6 633 0 892 5 791 3 716 1 214
4 765 5 505 2 109 0 84 7 174 3 381 6 119 9 453 1 356 8 796
6 114 2 782 9 150 1 316 5 764 3 811 0 836 4 834 7 600 8 52
0 763 4 295 6 460 7 30 8 805 5 213 3 856 1 471 9 589 2 780
3 930 8 706 5 32 9 773 4 959 0 107 1 927 2 745 6 988 7 399
5 201 6 367 2 826 0 731 3 461 4 130 8 128 9 856 1 293 7 259
7 410 5 848 0 383 8 591 2 696 9 544 1 221 6 359 3 817 4 777
2 748 4 984 9 926 5 356 1 121 8 303 6 611 0 898 3 839 7 827
6 416 4 685 3 406 0 910 2 182 5 503 8 605 7 561 9 36 1 557
1 120 3 708 4 561 8 455 5 772 2 103 7 332 9 871 6 327 0 727
1 264 2 203 0 318 3 192 5 467 6 361 7 750 8 979 4 709 9 70
2 755 3 125 6 414 5 26 0 991 7 964 8 920 4 620 9 322 1 615
8 492 1 926 6 671 5 945 3 888 0 268 2 888 9 657 4 630 7 407
6 208 1 953 5 648 0 1000 7 310 4 376 9 959 8 515 3 921 2 766
1 522 2 634 3 863 5 660 6 339 0 154 9 632 8 502 4 254 7 750
3 735 7 526 6 276 1 343 8 944 0 766 9 996 2 437 5 276 4 354
0 408 7 884 9 626 8 63 5 85 2 421 3 985 1 716 4 788 6 352
0 24 7 156 5 77 6 899 4 990 3 844 8 156 2 466 9 349 1 711
6 20 2 379 9 472 3 340 5 511 1 412 8 134 4 952 7 407 0 660
1 583 6 814 0 631 2 778 7 307 8 984 5 251 9 478 3 26 4 248
1 942 9 514 2 142 3 551 8 843 4 989 6 644 5 385 7 611 0 284
2 426 4 148 5 660 1 453 8 242 0 147 7 210 3 713 9 548 6 347
1 879 5 781 7 819 2 425 6 167 3 374 4 541 0 557 9 135 8 166
7 662 0 736 1 515 2 647 6 190 5 973 8 958 3 955 4 342 9 863
9 684 1 62 3 219 2 855 6 612 5 241 8 305 4 576 0 657 7 827
7 384 9 706 4 528 5 333 8 780 3 766 0 563 1 659 2 246 6 396
8 580 5 234 2 368 7 111 1 661 6 818 4 790 0 682 3 476 9 218
3 496 7 338 1 205 5 139 8 268 9 391 2 999 0 514 4 624 6 55
0 640 9 549 2 909 7 321 8 764 3 336 1 991 5 739 4 649 6 820
3 49 5 473 9 926 8 414 7 741 4 675 1 210 2 232 0 865 6 193
1 448 0 766 7 53 3 869 8 368 6 254 4 817 2 37 5 137 9 293
9 636 3 804 1 299 2 842 5 159 6 469 4 161 7 530 0 551 8 515
1 443 5 111 7 177 8 423 4 794 0 253 2 264 6 678 9 964 3 755
9 19 8 622 2 431 4 754 7 770 1 534 5 74 6 566 0 878 3 463
0 407 7 565 4 272 3 11 1 989 5 760 9 225 2 281 8 826 6 30
9 697 7 785 4 190 8 184 0 972 5 890 6 74 3 4 2 878 1 77
6 119 9 329 2 287 3 126 8 316 4 35 5 402 0 647 7 999 1 60
9 591 0 457 1 708 5 512 3 377 7 904 4 707 2 675 6 577 8 977
2 836 0 657 4 321 6 299 7 518 1 33 5 957 9 751 3 12 8 631
3 35 9 685 6 265 8 76 4 739 5 612 0 747 1 789 2 122 7 726
3 650 4 421 0 465 6 382 5 620 2 520 7 546 9 431 1 473 8 957
7 562 0 394 6 49 8 742 1 498 4 283 2 606 5 7 9 775 3 857
8 732 4 945 1 386 0 824 7 900 6 114 2 266 3 901 5 568 9 563
3 909 1 117 8 697 6 462 9 222 4 138 5 276 2 241 7 656 0 243
0 35 9 379 8 240 4 759 5 927 2 202 7 88 6 454 1 427 3 591
7 688 6 420 4 260 1 623 0 295 8 219 9 485 2 246 3 40 5 508
4 928 6 882 2 168 3 665 8 390 7 537 0 347 9 602 5 175 1 793
4 702 7 346 0 828 2 666 8 807 3 413 1 913 5 849 9 936 6 320
8 105 6 436 3 99 7 565 2 466 9 517 4 592 1 738 0 656 5 173
1 641 9 229 0 397 4 318 3 910 6 638 7 558 2 180 5 348 8 569
1 937 3 697 7 201 5 46 2 202 8 653 9 587 4 183 0 748 6 207
3 438 6 421 2 404 8 578 9 68 0 871 5 858 1 270 7 774 4 425
7 81 4 881 1 793 9 941 3 582 5 666 8 572 2 392 6 637 0 122
8 734 4 179 7 238 5 328 2 732 0 813 1 655 6 768 9 432 3 297
8 531 9 623 2 765 1 401 0 760 4 197 6 671 3 31 7 870 5 47
6 55 5 276 2 75 1 383 4 644 7 959 3 388 9 291 0 693 8 411
5 382 0 240 8 803 4 197 2 275 7 32 6 748 3 545 1 639 9 951
1 226 0 8 3 658 7 293 4 754 9 128 2 960 8 969 5 48 6 904
8 20 0 211 1 39 5 414 3 100 4 564 2 894 6 800 9 789 7 277
9 582 0 619 1 158 7 664 5 113 6 307 3 227 8 54 4 525 2 695
3 968 8 950 4 741 1 400 0 621 2 303 5 504 7 998 6 73 9 850
7 130 2 687 4 319 6 303 0 457 3 957 8 590 1 851 9 3 5 19
2 764 0 395 1 843 5 716 9 962 3 799 7 866 6 487 8 434 4 310
4 490 0 691 9 300 2 817 7 469 3 555 6 329 8 967 5 588 1 527
7 263 6 805 3 171 8 663 1 835 9 247 5 434 2 683 0 93 4 112
9 879 3 44 6 861 0 234 1 887 2 897 7 779 4 338 8 851 5 943
4 980 7 83 3 879 0 841 9 721 1 965 6 46 5 967 2 529 8 914
5 673 3 182 2 94 9 133 8 6 7 588 6 997 0 631 1 397 4 582
9 799 0 615 4 366 1 32 2 885 6 733 8 606 7 840 5 168 3 364
3 321 6 351 5 342 7 394 9 65 1 965 0 393 8 829 2 484 4 192
9 273 6 523 7 404 4 153 3 594 8 518 0 655 5 659 2 744 1 922
5 335 7 960 0 238 8 212 2 916 4 770 6 831 3 994 9 381 1 827
3 683 4 441 8 230 7 530 0 91 9 582 2 436 1 451 5 824 6 501
6 331 2 857 9 910 3 511 0 992 5 706 4 750 7 140 1 67 8 239
3 832 7 517 0 995 2 486 9 751 1 404 4 934 8 903 5 375 6 82
8 8 6 31 9 770 3 973 4 480 2 324 1 607 7 452 0 131 5 966
3 396 9 449 4 656 7 566 2 986 8 818 6 826 5 782 1 303 0 395
7 844 8 341 1 930 6 611 3 614 0 741 4 238 9 809 2 430 5 258
7 553 6 412 9 794 2 993 0 391 5 84 8 754 1 202 3 255 4 856
1 626 5 76 8 847 3 373 6 125 2 100 0 979 4 287 7 381 9 641
1 433 7 847 2 471 9 215 8 808 0 314 6 516 4 583 3 783 5 873
8 57 9 791 2 274 4 930 1 392 0 659 7 46 6 939 5 415 3 119
6 566 7 614 1 527 4 511 2 30 5 741 0 559 9 566 3 61 8 355
0 502 3 168 8 40 6 381 9 520 4 940 5 32 1 875 7 368 2 553
7 157 4 975 5 859 8 339 0 501 1 417 9 333 3 458 6 365 2 988
2 653 9 512 5 832 7 41 4 667 8 405 6 269 0 518 1 874 3 793
0 26 5 530 1 337 6 453 2 623 9 415 3 595 4 166 8 910 7 573
0 958 1 86 2 734 7 535 5 697 9 929 4 510 3 892 6 766 8 42
3 726 0 29 7 271 6 384 9 354 1 702 8 20 4 232 2 800 5 810
3 851 0 136 2 40 9 175 7 585 5 572 1 939 4 955 6 484 8 809
0 12 4 186 5 851 2 188 3 500 9 117 1 981 7 846 6 394 8 297
4 486 8 767 9 222 5 761 7 840 2 579 6 262 1 768 3 390 0 549
3 594 1 63 0 644 6 655 2 186 5 199 4 458 7 755 8 480 9 532
5 415 9 313 8 664 1 999 0 691 7 142 3 316 4 470 2 196 6 477
6 819 1 169 9 762 3 733 5 537 7 156 4 502 8 670 0 130 2 716
7 245 9 552 4 728 1 280 6 418 5 115 0 5 2 526 8 9 3 277
0 266 2 926 4 745 1 499 9 277 8 991 3 737 7 327 5 977 6 676
6 675 5 690 0 983 7 547 1 733 2 967 3 627 8 866 9 420 4 692
8 210 1 870 9 763 7 189 5 782 0 385 6 722 4 871 3 76 2 879
5 298 3 510 0 757 1 246 6 396 4 283 2 672 8 199 7 217 9 669
9 985 2 133 6 212 5 402 1 986 8 729 3 564 7 467 4 559 0 495
9 774 1 426 2 920 7 337 3 727 8 520 5 136 6 911 4 38 0 63
7 475 8 519 4 504 1 345 3 836 9 726 0 917 6 276 5 243 2 619
6 632 4 890 8 598 1 804 2 477 7 433 5 991 3 688 0 338 9 787
5 155 2 616 3 928 0 819 1 802 6 330 4 787 8 501 9 242 7 116
6 732 9 288 7 94 2 714 5 64 8 12 4 508 1 188 0 457 3 722
6 452 0 518 3 98 2 756 4 653 8 781 7 720 9 977 1 697 5 459
1 580 9 381 5 193 4 1000 7 725 6 139 8 123 2 693 0 595 3 904
9 143 1 958 6 758 7 38 0 594 4 627 2 749 5 545 3 129 8 970
0 242 7 609 3 471 4 869 9 994 2 5 8 73 1 884 5 875 6 296
7 471 3 583 5 830 0 835 4 69 2 779 1 611 9 791 6 896 8 462
9 300 0 421 2 380 7 319 1 474 5 732 4 233 8 887 6 587 3 909
4 831 1 118 8 38 5 654 7 318 0 612 9 781 6 442 3 384 2 269
3 712 7 962 9 610 1 712 4 307 8 26 2 557 0 988 6 581 5 394
1 67 5 576 8 81 3 495 9 677 7 205 4 26 2 942 0 914 6 921
4 504 3 52 2 889 8 691 0 103 5 573 7 751 1 447 6 934 9 367
1 324 6 205 9 925 3 858 2 984 8 378 5 151 0 950 7 475 4 690
1 199 3 641 6 194 9 975 2 351 8 988 4 478 0 675 7 916 5 968
1 150 5 87 0 965 8 962 2 396 6 734 9 131 7 633 3 341 4 809
0 50 1 936 8 114 4 543 6 28 9 444 3 268 2 576 5 175 7 171
9 172 4 302 8 557 0 303 6 105 2 793 5 754 3 382 7 450 1 909
7 603 0 15 4 275 2 339 6 945 3 491 5 412 8 369 9 276 1 622
0 125 5 374 9 12 8 89 4 414 6 726 2 483 1 237 3 674 7 750
6 895 3 469 0 452 8 685 5 3 9 664 4 338 7 744 1 773 2 898
7 358 9 480 2 42 8 311 1 908 0 161 4 294 5 587 6 421 3 738
7 632 8 209 3 697 9 452 2 329 4 813 1 692 0 608 5 637 6 792
9 103 0 58 7 186 4 288 6 423 2 140 5 589 3 329 8 635 1 856
1 549 0 780 5 86 2 6 9 807 4 827 8 485 6 390 3 616 7 406
6 619 2 635 7 977 8 885 9 383 0 493 4 996 1 642 5 583 3 96
7 941 3 257 9 22 0 974 4 812 5 920 8 385 1 686 2 807 6 877
2 143 0 639 4 429 9 617 5 438 7 5 6 781 8 295 1 467 3 702
1 76 7 904 5 969 9 770 3 141 4 966 0 811 2 493 8 10 6 763
2 12 0 611 5 529 9 965 4 179 7 478 6 283 3 120 1 285 8 559
6 158 5 897 2 970 8 103 4 65 9 835 3 34 7 768 1 256 0 528
0 488 9 13 2 941 4 236 8 572 5 834 1 174 6 697 3 375 7 866
2 759 7 715 5 951 0 539 3 284 9 168 6 43 8 640 1 816 4 998
0 680 6 155 5 612 9 144 1 921 4 116 2 319 8 398 3 629 7 27
7 435 6 217 5 954 1 526 9 952 8 584 2 448 4 247 3 786 0 113
4 521 0 661 8 582 1 423 3 236 7 518 2 290 9 701 6 312 5 422
7 106 8 812 5 502 6 486 0 950 3 743 9 703 1 668 4 296 2 216
8 756 3 946 0 396 9 614 1 925 6 46 5 353 2 262 7 913 4 198
9 812 0 307 1 276 2 341 3 43 6 92 4 431 8 990 7 703 5 328
8 216 6 244 1 130 7 384 9 570 4 916 2 528 5 329 0 544 3 641
0 891 9 692 5 451 8 601 1 270 6 524 4 684 3 896 7 171 2 836
3 90 7 577 0 960 5 690 4 404 8 468 2 75 6 732 1 99 9 129
7 999 6 885 5 991 9 360 2 7 4 836 8 434 1 282 3 862 0 290
7 873 5 23 2 873 0 102 8 174 3 253 1 957 9 470 4 67 6 905
6 978 2 700 9 369 3 990 4 113 1 475 8 366 0 487 5 834 7 36
5 605 6 626 0 125 2 697 4 567 9 740 8 58 7 709 1 600 3 179
1 405 7 839 9 237 3 331 2 785 5 521 8 816 0 528 4 525 6 641
0 894 9 661 6 787 5 779 2 864 1 472 4 557 8 40 7 117 3 370
5 779 7 400 4 249 2 478 1 87 3 384 8 670 6 76 0 810 9 351
6 873 8 339 9 727 3 587 2 216 7 185 5 733 0 3 1 791 4 624
8 602 1 600 2 201 4 648 7 538 5 525 9 308 3 690 6 463 0 520
5 773 8 624 1 114 0 588 4 115 9 655 6 952 7 700 2 359 3 294
5 609 7 86 4 305 3 174 1 305 0 546 2 110 8 621 6 561 9 766
2 669 5 896 8 880 9 831 3 241 4 357 1 370 6 846 0 944 7 931
0 539 1 788 8 243 4 134 5 101 6 140 2 846 7 474 9 420 3 124
8 927 6 468 9 59 1 310 0 251 4 408 7 248 2 97 3 268 5 314
7 594 4 455 6 143 3 284 1 723 8 587 2 97 0 409 5 320 9 42
1 314 5 428 0 589 3 339 8 537 7 640 6 189 2 475 9 359 4 76
2 167 9 297 0 705 3 314 1 493 6 955 8 580 4 821 7 846 5 915
2 189 8 77 5 915 6 482 4 240 9 73 3 591 0 88 7 422 1 575
4 23 2 445 7 988 1 786 8 697 6 838 9 406 3 233 0 161 5 151
2 610 6 432 1 213 0 801 3 465 5 789 4 306 9 289 7 40 8 786
5 497 3 221 2 29 1 506 7 281 6 139 0 158 9 425 8 160 4 912
6 970 2 292 7 436 3 586 9 731 4 42 0 323 8 867 1 827 5 198
2 138 7 642 8 411 9 58 1 899 4 912 3 787 6 441 0 223 5 83
3 131 7 377 8 907 4 394 2 472 6 124 0 696 5 134 9 811 1 370
0 722 2 985 6 483 1 188 7 562 8 719 4 131 5 159 3 447 9 877
7 645 0 330 5 479 3 986 6 598 1 774 8 51 2 144 9 851 4 986
9 128 4 767 3 137 5 56 2 26 0 559 6 595 1 216 7 547 8 391
5 484 1 798 4 761 8 31 6 252 0 986 9 734 2 510 7 303 3 172
5 201 2 89 8 713 3 322 1 905 6 521 4 894 7 760 9 594 0 384
9 886 4 339 0 232 1 591 5 661 7 682 8 144 2 719 6 321 3 505
1 478 9 258 4 900 5 267 6 569 3 989 2 922 7 539 0 67 8 93
9 196 1 471 5 957 4 202 2 59 6 554 8 39 3 156 7 832 0 549
3 868 9 441 8 351 1 113 0 996 6 137 5 325 4 155 7 891 2 494
8 942 3 524 9 751 0 683 4 265 1 220 6 94 7 719 5 848 2 883
3 174 2 470 1 542 8 964 9 215 5 565 7 677 0 486 4 467 6 552
4 368 2 535 0 869 5 369 7 539 1 216 6 551 9 831 8 203 3 335
1 877 3 777 4 103 2 773 7 815 0 869 5 149 9 901 8 365 6 74
0 226 8 901 1 530 6 262 4 353 5 493 9 227 3 989 2 293 7 161
1 857 3 823 6 498 7 556 0 905 5 628 9 429 8 731 4 61 2 158
3 947 8 939 4 292 6 451 1 87 9 88 0 324 2 478 5 53 7 43
7 664 5 681 1 780 0 54 6 564 2 585 3 305 4 327 9 69 8 614
6 502 1 664 5 966 3 870 4 681 2 39 9 101 0 525 8 32 7 87
2 348 4 826 8 835 0 657 1 667 5 89 6 162 7 576 3 986 9 840
4 277 0 56 6 764 3 673 1 35 7 82 5 288 2 211 9 313 8 767
4 41 8 349 3 364 2 926 9 573 7 520 5 450 1 684 6 867 0 696
2 515 1 263 3 501 9 735 5 493 7 367 8 13 0 246 4 749 6 522
5 868 9 129 4 57 0 778 3 614 7 661 6 217 2 364 8 169 1 88
9 871 6 712 8 163 2 429 5 604 3 304 7 891 1 595 0 585 4 847
8 504 1 25 3 335 2 176 9 191 7 385 5 374 4 504 0 136 6 550
4 178 5 265 1 367 6 835 9 252 0 884 3 192 7 713 8 973 2 353
6 435 2 972 1 109 7 534 9 408 8 427 0 385 4 690 3 732 5 138
7 882 2 213 0 881 6 198 4 930 3 566 1 883 8 956 5 738 9 712
6 239 5 166 2 279 7 938 4 30 0 851 3 468 8 746 1 711 9 578
9 592 8 213 1 859 3 475 2 103 7 245 6 26 0 266 4 159 5 151
7 91 2 216 0 265 6 984 5 904 8 224 4 471 3 357 9 352 1 363
9 437 7 291 1 78 0 681 2 960 6 177 4 118 3 917 5 963 8 720
9 40 8 91 0 520 5 51 2 789 4 168 3 3 7 337 1 854 6 278
4 442 3 813 1 605 2 59 5 361 9 382 0 299 7 829 8 883 6 56
8 336 2 340 9 858 6 398 7 576 5 148 1 207 4 745 0 299 3 261
1 349 0 522 5 469 2 112 6 152 4 416 3 308 7 569 8 355 9 383
5 473 1 492 3 847 6 445 9 125 8 533 7 367 4 530 0 172 2 48
7 624 6 907 1 247 4 897 0 487 5 339 8 635 9 898 3 90 2 895
0 615 8 663 3 320 7 628 9 300 5 830 6 76 1 568 2 533 4 712
5 316 1 9 9 637 4 143 0 209 3 710 8 703 6 964 7 671 2 56
7 833 4 574 3 860 9 452 0 330 8 704 6 750 5 440 2 994 1 679
6 932 9 711 2 593 5 710 0 30 3 115 7 471 1 425 8 961 4 534
4 851 1 259 9 690 2 173 0 215 5 12 8 860 6 866 7 104 3 866
3 413 1 916 8 692 0 482 5 394 4 653 7 268 2 547 9 835 6 832
8 49 0 288 6 82 3 764 7 315 1 480 9 52 5 690 2 476 4 732
2 66 3 719 9 539 8 356 6 401 1 918 4 156 7 150 0 53 5 726
0 372 7 852 3 917 9 282 1 771 4 296 6 399 2 435 5 786 8 527
4 612 9 927 0 316 7 856 5 150 6 643 3 881 1 704 8 870 2 589
1 501 2 507 5 219 4 871 9 968 3 920 8 428 0 80 7 494 6 377
8 471 7 261 3 278 6 990 2 650 4 359 1 160 9 789 5 910 0 137
4 400 2 704 1 459 0 817 8 903 5 4 7 958 6 736 9 712 3 9
2 928 0 72 9 800 5 818 7 656 8 377 3 303 1 619 6 529 4 71
8 747 2 762 7 6 0 436 6 123 3 612 9 1 5 726 1 697 4 765
0 763 7 916 1 625 3 402 5 797 9 354 6 982 4 111 8 134 2 519
2 652 3 112 8 181 4 303 5 456 9 22 7 438 0 34 1 323 6 737
6 842 1 72 7 157 3 332 5 862 8 767 2 175 0 410 4 342 9 330
9 225 5 170 2 778 4 528 8 169 3 209 0 822 1 751 6 453 7 213
6 880 2 947 8 32 0 914 3 131 9 550 1 320 5 347 7 208 4 901
7 89 2 926 4 508 3 837 8 514 9 956 0 516 5 161 1 700 6 331
4 204 0 937 9 419 1 418 6 776 3 112 8 341 5 577 2 514 7 506
6 128 4 91 3 458 0 392 7 648 5 9 1 356 8 530 2 294 9 652
6 346 1 703 7 252 0 358 9 114 5 620 2 172 4 565 3 875 8 303
0 585 1 765 3 745 5 110 6 925 7 809 8 560 2 81 4 89 9 230
0 628 9 377 4 699 6 316 3 551 1 36 2 770 7 50 8 956 5 590
3 477 8 77 0 761 4 948 1 633 5 596 9 746 7 520 6 1 2 843
3 831 7 685 1 704 0 875 4 375 9 542 8 330 2 218 5 382 6 343
3 848 5 116 0 258 2 855 9 466 1 861 6 275 8 465 4 927 7 465
5 777 0 109 2 720 3 587 8 424 1 720 6 795 9 574 4 270 7 317
5 884 6 315 4 13 0 222 3 773 8 984 2 219 7 843 1 989 9 1
2 894 8 109 0 839 3 462 1 302 6 688 7 425 5 129 9 667 4 11
1 389 0 490 3 365 6 149 4 885 2 865 5 899 7 838 8 463 9 103
2 579 9 311 3 200 6 81 5 927 7 239 0 365 8 833 4 145 1 811
1 100 6 643 2 61 9 688 8 761 0 730 7 285 5 912 4 837 3 308
5 810 4 591 6 656 7 505 1 773 2 482 0 719 9 107 3 742 8 971
8 657 9 914 4 308 0 642 5 347 7 711 6 659 2 387 3 580 1 515
4 380 6 208 0 506 1 787 2 966 3 972 5 179 9 778 7 434 8 388
4 616 5 571 8 796 0 985 9 747 6 217 7 445 2 942 1 978 3 110
4 526 8 426 9 836 7 52 6 919 1 395 5 696 0 907 3 69 2 456
4 53 5 520 1 890 8 376 9 163 6 606 2 341 0 852 7 472 3 59
7 867 5 270 1 263 8 170 3 158 9 693 6 51 4 376 0 889 2 686
0 410 5 309 2 974 4 361 3 652 8 441 9 606 1 108 6 355 7 145
2 968 5 592 9 564 7 5 6 389 8 654 4 747 0 847 3 879 1 629
8 309 2 897 4 626 1 268 5 558 9 267 6 763 0 510 7 76 3 921
9 845 5 359 8 259 1 117 3 906 2 241 4 822 7 862 0 110 6 963
5 199 2 732 4 263 8 823 0 926 1 742 7 473 3 39 9 694 6 978
8 207 6 699 4 909 7 977 2 292 1 609 3 34 5 964 9 311 0 33
5 56 3 439 8 124 6 812 2 353 9 449 1 55 7 929 4 254 0 229
3 875 4 259 1 354 9 728 2 193 5 699 8 527 7 7 0 332 6 893
4 312 7 604 1 465 8 345 2 901 0 972 3 164 9 553 5 733 6 817
7 942 2 306 0 118 4 807 5 115 8 849 6 824 3 365 9 799 1 51
0 479 5 155 6 993 8 848 2 463 9 754 7 647 3 813 4 154 1 379
2 33 5 597 4 157 8 32 9 138 0 940 1 433 6 97 3 944 7 672
1 932 4 141 7 965 2 156 8 344 9 150 5 734 3 58 0 172 6 494
8 368 1 180 0 510 7 219 2 443 9 231 3 298 5 309 6 55 4 108
9 828 0 776 3 875 7 956 6 833 5 59 2 836 4 416 8 636 1 379
0 338 2 802 1 852 4 220 6 471 9 548 8 642 3 390 5 912 7 75
6 145 4 104 2 142 1 711 5 350 0 131 7 934 9 770 8 751 3 557
9 356 1 514 5 504 7 929 2 487 0 837 4 816 3 848 6 581 8 792
2 474 9 206 7 535 5 748 0 735 1 539 4 240 8 693 6 929 3 180
7 831 3 880 1 907 6 293 2 235 0 433 4 116 9 990 5 982 8 927
5 978 8 991 0 714 7 260 9 139 4 561 3 225 2 220 6 886 1 955
4 553 9 161 0 464 1 366 2 939 8 672 5 163 7 973 3 772 6 885
1 753 4 364 9 517 5 878 7 6 8 443 0 949 6 854 3 515 2 623
2 479 5 440 9 519 3 727 4 550 7 526 6 384 0 606 1 964 8 181
6 751 0 817 3 874 4 599 1 258 5 590 7 898 8 468 9 730 2 359
1 960 0 309 5 589 9 578 2 119 4 416 6 998 3 710 7 624 8 329
2 400 6 732 3 668 9 755 0 866 5 679 4 843 1 867 7 236 8 874
1 310 0 284 4 519 8 141 2 462 7 717 5 619 9 835 3 807 6 51
1 370 5 668 0 239 3 604 8 873 9 865 7 265 2 386 4 871 6 721
5 470 3 375 0 270 7 343 9 499 6 579 4 711 2 262 8 349 1 176
9 554 5 10 8 377 7 558 4 602 6 228 2 832 1 256 3 855 0 994
9 447 3 225 5 981 2 504 8 733 6 908 1 354 4 303 7 670 0 152
7 53 0 912 5 757 8 356 3 738 6 486 2 86 4 684 9 106 1 421
6 369 5 464 9 463 2 898 7 162 4 173 8 397 1 321 3 341 0 851
9 291 3 117 7 750 4 995 1 409 8 912 5 879 6 10 2 588 0 231
3 427 4 318 2 941 6 824 8 24 5 187 0 351 7 523 9 962 1 603
1 319 5 850 4 385 2 240 6 46 3 758 8 668 9 823 7 762 0 704
7 607 3 307 6 843 4 481 1 504 5 331 2 321 8 967 0 520 9 585
0 106 7 732 9 77 2 584 6 177 5 276 8 707 4 177 1 546 3 651
1 210 8 450 9 938 3 776 0 891 7 652 6 572 2 994 5 677 4 687
1 150 8 422 5 204 9 340 7 634 0 514 3 321 2 983 6 840 4 753
5 524 3 175 7 857 2 780 1 581 8 571 0 694 6 673 4 571 9 530
9 735 4 522 8 964 1 111 6 151 7 980 3 267 5 576 2 645 0 26
1 271 6 801 9 830 0 502 5 696 4 658 2 829 7 508 3 172 8 905
4 140 1 347 7 536 2 13 9 188 3 145 5 514 6 601 8 505 0 610
1 771 0 281 6 225 4 396 7 82 8 85 9 571 5 393 2 843 3 119
2 252 0 930 6 767 3 425 8 644 9 989 4 829 1 496 7 447 5 955
3 206 8 679 6 560 9 777 0 358 5 194 4 864 1 48 7 366 2 584
9 420 0 779 2 375 3 603 1 684 5 757 4 25 7 48 8 160 6 980
5 897 8 421 0 741 7 654 4 529 6 940 3 389 2 238 1 673 9 323
5 229 1 907 2 595 0 732 9 264 6 878 3 588 4 328 7 936 8 869
3 959 1 723 8 652 9 825 6 699 7 540 5 85 2 992 4 21 0 596
2 371 9 792 1 80 4 520 5 677 7 153 6 648 8 20 0 206 3 670
2 831 8 830 4 58 9 368 0 127 3 421 7 607 5 350 6 302 1 4
6 521 2 636 7 919 4 214 1 990 9 495 8 804 0 407 3 488 5 427
9 889 2 69 3 200 8 249 4 173 7 858 0 584 5 753 6 922 1 471
2 697 7 543 0 323 8 726 4 379 9 245 3 605 1 860 6 155 5 893
1 214 3 577 4 950 2 593 9 426 6 13 7 780 0 337 5 381 8 329
6 656 5 640 3 531 8 432 2 564 7 116 4 810 9 216 1 89 0 608
5 521 6 336 4 364 7 728 1 714 3 703 0 3 2 856 9 458 8 798
1 351 8 896 0 546 4 164 5 492 6 488 7 510 9 517 2 212 3 100
7 466 0 790 3 570 2 269 4 997 6 175 8 777 9 236 1 125 5 229
8 605 9 155 7 74 2 187 4 169 1 82 6 199 0 740 3 727 5 579
9 154 2 872 6 23 3 499 7 189 4 433 0 911 1 221 8 421 5 89
9 216 1 972 0 360 3 265 7 249 5 148 4 172 6 928 2 301 8 854
9 418 1 382 6 55 5 127 8 329 3 468 0 254 7 763 4 534 2 107
0 451 5 251 1 361 4 917 9 527 2 673 8 636 3 259 7 58 6 747
3 452 0 556 1 670 6 228 4 130 7 519 5 754 2 107 8 219 9 550
4 514 6 29 8 91 1 183 9 196 0 86 5 745 7 831 2 245 3 327
8 332 6 933 0 178 7 932 9 139 1 481 3 851 5 566 2 81 4 223
4 81 5 880 3 591 7 204 0 48 2 720 8 748 1 444 6 624 9 820
7 456 1 949 8 829 4 301 2 270 9 571 5 871 6 421 3 559 0 121
1 476 8 697 6 955 9 545 5 928 7 355 2 59 0 504 4 303 3 158
2 66 8 745 5 481 7 862 4 914 1 900 6 364 0 716 3 738 9 803
6 200 4 484 0 341 5 73 1 947 2 267 9 678 8 159 7 917 3 728
5 15 7 701 2 165 8 341 1 914 4 249 6 50 9 986 0 302 3 270
1 623 3 406 0 995 2 116 7 782 4 787 8 760 9 144 6 869 5 637
3 697 1 761 9 141 6 255 0 487 7 510 8 742 2 459 4 904 5 943
0 57 7 299 2 237 1 838 3 438 5 16 6 554 9 642 4 220 8 422
6 200 8 48 1 679 0 714 9 190 4 877 3 643 7 729 5 55 2 309
7 966 8 679 2 508 6 185 0 252 3 689 4 378 9 41 5 708 1 263
9 814 8 958 3 744 1 537 5 509 2 562 6 898 0 901 7 129 4 79
9 305 3 618 6 293 0 1000 5 235 2 765 8 297 4 624 1 884 7 133
0 409 7 21 5 837 8 669 9 655 4 625 3 248 6 765 2 330 1 189
1 320 8 429 5 470 0 57 6 877 2 184 7 250 9 500 3 332 4 529
6 641 1 493 5 158 9 580 0 128 7 28 4 135 3 387 2 751 8 88
3 822 9 211 2 611 1 462 5 749 7 67 6 471 8 298 0 86 4 505
2 290 1 390 5 493 6 329 0 188 4 516 7 693 3 874 9 642 8 25
9 386 4 583 2 713 0 304 7 678 5 183 8 687 3 935 6 839 1 257
1 836 4 314 0 701 5 183 3 64 7 859 9 361 2 718 8 367 6 339
4 105 5 112 3 583 6 680 2 545 0 678 8 42 7 226 9 363 1 157
8 703 9 379 7 247 6 491 0 690 5 99 4 805 3 30 1 844 2 877
3 559 1 154 0 445 2 34 6 620 8 405 4 149 5 360 9 199 7 209
1 931 0 822 8 438 3 173 4 957 6 295 2 423 5 16 9 470 7 424
8 60 5 787 9 725 6 928 4 415 2 114 7 18 1 763 3 729 0 871
3 163 8 379 2 339 9 538 7 845 4 83 0 600 6 873 5 479 1 401
2 226 3 56 7 783 6 104 9 9 0 630 8 464 5 679 4 738 1 68
5 827 7 834 1 956 2 889 9 938 4 162 0 78 3 239 8 148 6 948
7 19 3 452 9 562 2 91 6 960 8 198 5 152 0 554 4 860 1 447
5 944 4 986 7 478 6 664 2 1000 3 116 1 429 0 557 8 235 9 629
2 832 4 789 5 581 0 51 8 758 1 932 7 96 3 999 6 623 9 46
5 228 6 9 2 98 1 50 0 467 9 714 7 208 3 865 8 275 4 451
0 885 5 138 7 788 3 224 9 503 1 756 8 705 4 280 2 318 6 199
9 611 2 915 5 988 7 887 6 409 4 512 3 54 0 382 8 900 1 834
8 56 4 380 0 167 9 511 5 808 2 270 3 852 7 661 6 384 1 680
8 857 6 785 9 278 3 544 1 289 7 829 0 617 2 881 4 822 5 61
0 466 2 632 3 701 8 623 1 866 5 327 9 386 6 181 7 730 4 124
8 986 3 720 5 196 0 877 7 416 2 490 9 81 4 570 1 703 6 527
9 692 6 846 3 638 5 9 7 476 2 395 1 49 4 479 0 856 8 386
1 460 3 394 7 874 5 140 8 994 6 148 0 605 9 304 4 732 2 933
7 187 3 202 8 38 2 171 5 191 6 307 1 707 9 117 4 714 0 531
5 312 6 364 3 641 0 136 9 110 4 999 7 715 2 905 1 905 8 721
7 392 4 171 0 582 9 513 1 596 5 183 8 473 6 910 2 331 3 615
1 540 0 901 8 815 4 27 3 827 7 688 2 757 9 133 6 932 5 997
9 118 6 621 2 413 3 760 5 625 1 121 8 406 4 782 0 910 7 284
4 797 1 959 9 165 2 561 6 776 3 287 8 748 5 709 7 244 0 137
7 439 8 383 9 164 6 864 2 386 1 805 4 190 0 148 5 26 3 916
3 88 6 861 5 58 2 459 1 888 0 312 9 746 8 365 4 425 7 947
4 569 9 57 7 192 2 181 5 403 3 248 0 958 8 855 6 773 1 706
2 897 7 658 6 525 0 237 4 955 5 476 8 47 3 939 9 3 1 426
9 882 5 486 7 122 2 675 6 138 4 755 0 462 8 662 3 750 1 937
8 83 9 257 3 249 1 380 0 944 2 592 6 470 5 114 4 581 7 702
0 76 4 930 2 978 3 115 1 449 8 604 7 418 9 138 6 123 5 248
9 614 3 318 4 497 7 239 8 918 0 9 2 89 1 456 5 723 6 824
5 283 3 176 1 912 2 709 0 817 6 785 4 287 8 82 7 66 9 21
9 256 7 744 4 900 0 40 8 483 1 434 2 855 5 584 3 766 6 705
0 633 5 706 4 571 7 268 6 764 8 257 1 409 2 475 3 811 9 685
8 883 7 177 9 299 6 358 4 429 5 571 3 967 1 708 2 162 0 217
1 771 5 525 0 995 8 200 7 42 9 450 4 66 2 522 3 251 6 406
9 620 3 123 1 270 5 739 4 453 8 280 2 517 0 691 6 118 7 726
5 749 2 712 8 705 7 396 1 212 6 280 3 205 9 327 0 644 4 441
9 549 1 224 3 925 5 965 6 682 0 835 7 105 4 42 2 417 8 815
1 953 4 865 7 88 8 381 5 317 0 224 6 297 3 583 2 953 9 998
1 425 8 102 0 187 7 123 4 282 3 8 9 256 2 962 5 300 6 660
6 270 0 332 7 11 2 499 3 332 5 617 8 122 1 925 9 182 4 901
5 725 8 357 2 109 1 533 7 172 3 922 6 155 0 469 4 827 9 939
8 60 5 584 1 670 2 607 0 64 3 147 4 330 7 158 6 349 9 566
8 511 2 175 3 633 5 296 4 202 0 414 7 413 6 86 1 6 9 945
8 373 6 743 4 26 1 128 0 67 7 303 3 446 5 656 9 412 2 238
0 95 2 898 1 906 7 229 6 570 5 644 4 769 8 292 3 869 9 835
4 349 5 979 0 161 3 323 8 808 7 691 1 740 9 694 6 66 2 351
5 994 2 693 7 248 8 285 1 260 4 149 6 63 0 107 9 697 3 376
0 699 3 935 8 888 6 503 7 872 5 88 4 880 9 394 1 265 2 554
3 887 8 604 4 870 1 170 7 822 6 661 2 224 0 679 9 590 5 277
6 688 0 761 5 11 7 362 4 342 9 849 2 758 1 943 3 590 8 267
7 249 6 137 3 164 5 68 2 588 4 886 1 736 0 493 9 20 8 988
7 564 8 113 3 331 0 260 1 195 9 353 6 987 5 905 2 932 4 369
0 403 5 977 2 363 4 511 9 356 3 231 6 281 1 855 7 437 8 369
7 394 4 86 0 907 3 29 2 996 5 761 6 325 1 563 9 135 8 321
1 891 5 159 0 112 7 949 6 790 2 231 9 799 3 628 4 386 8 483
4 433 0 206 7 937 1 101 6 280 5 941 9 329 8 422 2 949 3 13
1 829 4 169 7 384 5 885 3 162 9 321 0 967 2 418 6 127 8 75
0 746 8 919 1 760 5 983 4 399 2 482 7 388 6 137 9 112 3 469
3 601 2 774 1 114 6 608 9 970 4 685 5 249 7 968 8 431 0 443
3 647 7 630 0 298 1 227 9 812 8 518 4 490 5 952 2 576 6 674
9 296 6 920 5 539 3 491 4 527 0 912 8 845 7 892 2 537 1 446
9 41 6 419 4 740 1 143 3 428 2 684 5 187 0 525 8 340 7 459
2 664 9 403 5 571 8 982 1 24 4 489 0 491 7 165 3 447 6 271
2 11 9 447 6 130 8 248 4 952 3 98 0 820 7 325 5 727 1 518
0 144 8 642 3 742 5 87 9 517 2 177 6 442 7 486 1 376 4 577
0 147 2 379 5 418 8 234 6 996 9 448 3 706 4 664 1 271 7 940
1 558 4 298 9 805 6 971 5 819 7 782 2 827 8 759 3 524 0 3
1 680 8 422 4 622 6 730 2 99 5 887 0 410 7 441 3 777 9 929
9 236 0 565 5 460 8 651 6 801 2 524 3 783 4 170 7 573 1 925
6 925 8 618 1 762 4 876 3 858 0 643 7 565 2 38 9 737 5 527
4 378 8 893 2 885 3 486 1 815 0 952 7 388 6 79 5 742 9 659
3 564 4 371 2 156 7 494 5 393 9 495 8 551 0 780 1 471 6 302
6 333 7 979 9 866 8 632 0 543 3 594 1 29 4 260 5 116 2 468
6 503 7 309 4 306 8 856 1 529 3 443 9 615 2 18 0 172 5 721
1 718 4 410 8 200 6 439 7 893 5 423 3 160 9 948 0 410 2 711
3 273 8 793 1 374 7 150 2 152 0 612 6 970 5 944 4 267 9 424
8 110 2 852 0 664 9 958 7 224 4 760 6 673 5 514 3 258 1 315
4 513 2 4 6 980 0 683 3 305 7 224 5 920 8 796 1 883 9 981
2 61 8 289 4 80 0 279 5 91 6 938 3 877 9 898 1 822 7 362
3 207 7 396 5 237 6 139 8 39 1 276 0 337 4 200 2 321 9 541
4 251 0 983 9 814 5 641 8 358 7 922 2 938 1 732 6 340 3 385
9 528 4 623 0 181 5 477 8 481 7 924 3 337 6 827 2 467 1 877
1 519 5 395 8 54 4 180 3 286 9 884 2 186 7 662 0 40 6 165
7 428 9 281 8 223 2 203 4 447 3 374 0 136 6 466 1 79 5 573
7 212 6 194 5 225 1 381 3 60 9 152 2 791 4 308 8 533 0 221
9 144 8 257 0 545 2 47 7 59 1 811 3 173 4 322 6 755 5 997
2 722 4 323 3 414 5 890 9 330 1 57 6 792 7 407 8 28 0 968
2 438 0 849 4 923 7 107 9 828 1 851 3 744 8 813 6 687 5 35
4 248 5 37 1 294 6 266 2 729 3 772 9 987 8 647 7 974 0 267
8 640 5 608 4 281 7 182 3 133 0 268 1 360 2 375 9 517 6 239
1 576 8 888 9 744 5 642 4 454 6 17 0 44 7 982 3 629 2 66
8 724 0 37 1 865 6 421 7 171 3 438 2 794 9 116 4 585 5 571
0 356 6 410 1 668 4 520 8 787 7 129 9 170 2 842 5 340 3 15
6 923 7 330 3 479 4 333 8 731 2 517 9 729 1 47 5 613 0 337
0 333 6 481 4 475 1 934 5 882 8 963 9 41 7 854 2 344 3 371
1 170 2 538 7 716 3 916 4 491 0 251 8 739 6 272 9 963 5 970
2 532 9 799 7 228 4 28 1 757 0 148 5 483 3 742 6 343 8 976
8 954 2 553 6 630 7 118 9 128 1 697 3 472 4 954 5 902 0 448
4 64 0 47 8 794 2 170 3 306 1 715 9 80 7 972 5 750 6 513
4 948 9 718 3 178 0 346 1 461 2 107 7 671 8 289 5 763 6 881
6 550 1 154 0 561 9 497 4 643 8 190 3 997 2 188 5 927 7 678
0 221 9 111 8 588 3 818 6 764 1 733 2 826 7 797 5 193 4 536
4 551 3 894 7 928 8 972 1 162 0 429 5 810 6 376 2 832 9 95
1 480 6 690 9 560 2 737 8 861 4 621 5 217 0 733 3 41 7 401
1 51 8 940 5 129 6 744 9 354 3 8 0 340 7 472 4 543 2 844
9 961 2 546 5 234 0 3 6 964 7 214 1 538 3 250 8 407 4 857
4 300 6 259 5 885 0 380 9 50 3 951 2 474 7 962 8 794 1 71
9 206 3 534 1 744 8 302 4 536 2 526 0 654 7 14 5 543 6 384
9 399 6 702 1 508 3 863 0 171 4 654 8 587 7 986 2 676 5 759
4 337 7 377 2 224 6 817 8 335 3 21 5 743 9 969 0 348 1 499
3 468 1 231 7 745 5 349 2 769 0 234 6 797 4 773 8 891 9 736
2 81 5 335 7 468 1 878 8 766 9 394 0 351 6 905 4 946 3 18
9 574 4 830 0 74 5 77 6 535 7 228 3 305 1 63 2 141 8 636
1 175 9 941 7 187 5 562 3 701 2 419 8 51 4 427 6 420 0 370
7 876 8 362 3 797 2 930 9 59 0 297 4 891 1 911 5 968 6 608
8 812 4 99 0 257 6 133 7 743 5 584 1 525 9 737 2 208 3 120
6 678 4 803 0 95 1 979 2 833 3 595 7 598 9 132 8 466 5 429
0 49 4 377 3 272 5 271 6 831 9 13 2 743 1 625 8 823 7 731
4 805 1 464 9 574 8 97 6 756 3 975 5 565 0 559 2 254 7 635
8 519 0 994 3 975 5 930 1 680 7 434 2 228 4 815 9 137 6 996
1 865 4 340 0 351 5 324 3 288 7 772 2 653 6 675 8 742 9 947
2 390 5 433 8 727 3 189 7 388 9 936 6 522 4 664 0 710 1 796
1 247 4 328 9 411 2 74 8 684 6 589 3 150 5 588 0 831 7 266
1 666 0 175 8 582 7 820 6 836 4 689 2 370 3 717 5 504 9 610
5 354 6 916 3 500 0 670 1 36 4 195 8 369 2 380 9 654 7 965
1 111 4 814 5 19 3 666 8 824 9 981 7 201 6 176 2 629 0 232
1 14 9 415 3 492 6 729 5 67 4 921 7 515 0 884 2 489 8 653
0 614 6 93 2 856 8 471 1 101 4 253 3 711 9 973 5 593 7 840
5 397 2 768 8 917 0 526 4 838 9 845 7 673 1 925 3 737 6 935
6 873 3 351 2 670 5 323 8 732 4 565 9 997 0 528 7 904 1 536
7 713 9 153 5 691 1 423 3 516 2 336 4 357 0 738 8 908 6 160
0 137 4 626 8 971 1 991 3 194 7 171 2 780 9 446 5 978 6 215
3 73 7 543 8 334 5 960 9 994 6 898 2 997 4 265 0 400 1 508
9 999 6 753 1 911 8 916 3 955 2 462 5 353 4 379 0 944 7 882
4 232 3 840 6 573 5 100 7 380 0 613 1 100 2 670 9 258 8 105
6 368 2 934 7 389 8 947 5 624 3 684 9 182 4 807 1 452 0 911
1 783 5 289 9 220 0 452 6 206 4 867 2 568 8 452 7 853 3 452
6 378 9 888 7 30 2 528 3 152 5 932 8 555 4 830 0 589 1 77
3 83 1 386 4 487 7 768 2 649 8 711 0 331 5 489 6 951 9 944
4 284 0 981 6 272 3 795 5 219 7 428 1 218 9 26 2 17 8 646
6 714 4 392 9 295 8 697 3 58 0 509 1 854 5 956 7 181 2 182
0 779 7 739 6 875 4 396 8 146 2 480 9 304 5 431 1 643 3 866
3 559 8 782 2 786 6 109 7 109 0 750 5 488 4 494 9 224 1 149
8 360 5 216 3 133 7 609 0 820 1 896 6 800 9 330 4 68 2 425
3 854 8 481 2 664 6 261 1 247 0 140 5 846 9 466 4 608 7 895
2 549 9 508 6 12 8 888 1 442 7 860 4 282 3 286 5 351 0 413
4 690 6 127 8 249 7 22 3 786 9 621 2 235 5 729 0 693 1 877
2 838 0 816 7 162 8 436 3 490 6 710 5 866 4 429 1 686 9 89
2 299 1 611 9 211 5 170 8 114 4 128 3 31 0 614 6 517 7 736
7 53 3 845 5 326 9 637 0 417 1 260 8 972 6 391 2 449 4 785
3 780 1 783 2 279 7 595 8 156 5 481 4 364 6 915 0 280 9 364
4 943 7 202 6 974 9 600 0 90 5 113 3 755 1 626 2 685 8 215
6 793 0 374 8 932 7 331 2 856 5 786 4 979 9 670 1 296 3 203
1 354 4 667 5 609 2 431 3 788 0 271 7 154 6 310 8 281 9 191
6 582 2 781 9 852 0 450 5 164 4 568 8 238 3 508 7 893 1 724
0 129 7 739 5 417 1 478 9 529 4 802 6 122 8 291 3 508 2 624
9 154 6 237 0 627 4 812 5 97 1 335 7 952 3 807 8 166 2 958
3 159 1 382 9 758 0 972 5 482 2 291 7 875 4 633 8 580 6 959
1 627 7 192 5 591 0 262 3 330 9 907 4 648 8 319 2 50 6 428
8 216 2 774 3 870 4 250 9 830 5 471 6 166 0 412 1 200 7 137
3 365 0 997 9 937 1 629 4 126 5 668 7 980 6 682 2 181 8 366
5 774 2 975 0 210 6 474 9 770 4 804 8 776 3 593 1 942 7 149
8 99 1 569 5 18 9 931 7 992 2 380 0 369 6 9 4 582 3 401
9 263 4 520 8 770 0 767 7 27 2 871 6 802 5 649 1 207 3 307
6 215 9 275 7 714 2 567 5 693 4 56 8 182 1 736 0 334 3 149
8 989 3 200 4 114 7 253 6 950 2 397 9 363 5 121 1 462 0 900
6 149 7 347 5 618 9 759 1 83 2 824 0 481 4 713 8 900 3 505
0 446 7 170 5 765 3 20 1 658 2 84 4 784 6 612 9 984 8 848
1 137 7 489 4 826 3 669 2 73 5 620 6 466 0 38 8 228 9 284
5 250 6 47 0 582 9 942 4 261 2 564 1 90 8 429 7 222 3 558
7 426 5 238 9 446 0 203 1 186 8 766 4 188 2 297 3 471 6 418
6 748 3 166 0 982 8 467 2 394 5 871 7 590 4 660 9 135 1 355
6 407 5 145 4 162 3 251 9 324 0 742 7 475 8 817 2 404 1 305
6 928 4 106 3 999 8 213 1 186 5 658 7 396 9 211 2 906 0 778
3 503 9 599 6 957 8 664 0 790 4 277 5 895 1 403 7 845 2 591
6 531 1 944 0 688 9 108 3 352 2 199 8 686 4 374 7 216 5 940
2 125 6 31 8 618 9 474 5 104 0 537 4 975 7 738 1 949 3 57
4 666 3 588 1 154 7 983 8 104 5 256 9 512 2 173 6 726 0 188
0 136 2 178 6 514 7 410 4 514 8 305 5 818 9 412 1 453 3 83
0 81 1 455 2 57 5 245 9 432 8 617 6 287 4 951 3 89 7 553
3 202 1 259 9 134 0 194 5 983 4 558 2 208 6 331 7 15 8 246
7 260 5 278 3 61 2 232 8 47 9 563 4 779 1 381 0 227 6 784
5 831 2 560 9 777 4 815 7 979 1 399 8 470 6 844 3 530 0 451
1 275 7 65 9 318 2 365 3 236 0 57 6 679 5 775 8 882 4 277
4 230 8 629 2 307 0 526 1 951 5 822 9 719 7 424 3 205 6 251
6 366 4 774 8 319 3 762 1 997 2 264 9 360 0 919 7 984 5 814
9 269 6 304 5 985 0 256 2 415 3 827 1 526 7 444 8 152 4 343
7 225 8 130 6 74 2 652 9 977 4 191 0 403 5 192 1 845 3 212
0 485 3 174 5 425 7 603 1 209 4 717 8 681 6 958 2 516 9 818
1 818 8 740 4 418 0 915 7 864 9 632 2 383 3 858 6 610 5 559
4 61 2 90 5 914 1 390 6 247 9 720 7 264 3 958 8 11 0 441
5 926 7 381 9 878 8 452 0 127 3 114 1 914 6 908 4 496 2 237
5 523 3 349 2 200 0 664 7 631 6 80 9 276 4 878 8 963 1 964
4 379 2 607 7 338 8 203 0 416 3 493 9 176 1 14 5 94 6 462
2 733 1 398 6 630 3 158 8 990 7 952 4 995 9 800 5 725 0 116
5 487 6 800 1 984 4 331 2 134 0 297 8 735 3 978 9 200 7 350
0 199 9 975 7 293 3 463 4 348 6 191 5 400 8 98 2 363 1 385
3 334 4 819 6 973 1 603 9 832 5 258 7 119 0 687 2 643 8 680
8 294 2 721 1 105 0 629 3 16 9 360 5 848 7 680 6 702 4 374
1 633 5 452 8 270 0 982 3 187 2 636 7 437 6 569 4 326 9 443
9 458 6 85 0 963 4 498 1 293 7 411 8 944 5 575 2 790 3 35
0 74 9 990 5 602 2 814 3 411 8 751 7 31 4 984 1 899 6 899
7 617 4 792 0 426 5 860 9 342 3 589 2 67 1 537 8 779 6 974
6 173 3 155 1 42 2 502 0 979 8 766 4 987 9 875 5 483 7 327
8 799 2 666 4 956 9 543 5 643 7 184 3 896 1 329 6 569 0 575
3 457 4 734 7 411 5 899 6 560 1 234 8 913 0 80 9 832 2 226
9 714 4 650 1 57 2 781 0 358 6 617 8 225 5 316 7 82 3 151
4 924 2 79 8 197 0 158 5 612 6 134 3 903 9 643 1 237 7 80
3 154 7 1 9 719 4 108 6 896 8 924 0 742 2 930 5 484 1 315
6 582 3 44 1 861 5 953 2 279 8 782 4 708 7 760 9 480 0 575
7 966 8 666 2 320 6 795 0 93 3 101 4 856 1 215 9 250 5 634
8 557 2 305 0 845 4 811 5 609 9 969 1 621 7 871 3 625 6 919
6 594 1 587 0 673 5 490 9 144 4 694 2 611 7 938 3 430 8 505
9 534 1 788 8 580 3 665 6 739 4 648 0 628 2 818 7 499 5 487
2 966 4 946 3 733 0 358 6 647 7 808 1 84 5 74 8 725 9 175
1 332 2 655 6 361 0 626 3 717 9 809 4 695 8 38 5 424 7 814
3 193 9 262 4 230 7 22 0 335 2 847 5 648 1 344 8 875 6 458
1 337 8 826 5 745 6 887 0 504 4 92 9 372 7 435 3 434 2 498
6 564 9 457 2 732 4 476 7 683 5 222 1 318 3 60 8 150 0 52
8 890 6 692 2 297 7 789 3 780 9 577 1 899 5 626 4 460 0 783
4 929 3 359 1 702 0 59 6 390 7 860 8 923 2 623 9 768 5 667
0 952 2 53 1 982 6 360 3 316 8 572 9 117 7 98 5 640 4 896
6 290 3 645 9 782 4 977 1 266 7 921 8 884 2 746 0 469 5 419
3 794 4 531 7 496 2 134 6 430 0 558 5 610 8 630 9 369 1 771
9 399 6 937 0 131 1 840 2 704 7 546 5 937 3 649 4 955 8 754
7 247 0 583 1 662 8 621 9 456 3 544 4 879 2 215 5 930 6 268
0 439 5 385 4 143 6 911 8 86 1 732 2 917 9 31 7 112 3 169
5 439 1 532 4 620 7 290 6 741 9 887 3 781 0 8 8 95 2 976
5 265 0 106 6 647 3 680 9 663 4 711 1 915 8 319 7 605 2 945
1 185 4 363 0 216 2 550 6 942 3 511 8 5 9 156 5 367 7 299
9 828 4 136 0 457 8 573 2 884 7 867 3 523 6 388 5 345 1 17
4 545 7 557 1 10 0 439 5 996 3 244 8 431 9 432 6 764 2 561
4 176 8 349 9 423 3 532 6 697 2 183 0 708 7 14 1 890 5 522
3 944 0 398 1 106 9 408 8 266 6 708 7 731 4 654 2 330 5 333
3 936 6 263 9 827 2 380 0 499 5 731 7 506 1 762 4 668 8 620
2 350 0 265 8 748 1 293 3 351 6 211 5 216 7 120 4 340 9 961
2 160 9 770 3 708 8 371 6 678 5 124 0 886 4 388 7 644 1 881
8 468 1 726 5 615 7 335 4 394 9 617 2 192 6 908 3 661 0 899
1 561 0 623 8 390 4 277 5 725 7 487 6 253 3 618 9 967 2 492
3 251 5 261 2 652 1 768 8 808 9 502 7 229 0 250 6 858 4 824
7 117 2 671 1 687 5 138 3 57 6 757 0 602 9 192 4 373 8 741
0 305 2 973 9 931 3 44 8 79 7 511 6 646 4 398 5 309 1 223
6 893 2 232 8 548 1 628 9 67 0 17 4 214 3 883 7 162 5 891
2 634 9 245 6 464 4 748 8 230 5 565 3 250 7 996 0 190 1 780
6 126 3 322 8 610 1 11 7 949 2 735 4 390 0 357 5 204 9 487
7 364 1 454 0 515 6 695 9 452 8 3 3 54 2 927 4 547 5 551
4 970 0 78 2 177 1 368 8 498 7 236 6 180 5 780 3 191 9 41
0 386 8 347 6 342 7 671 5 84 9 650 2 851 4 342 1 263 3 17
4 675 9 148 0 316 3 210 1 303 5 286 6 62 8 430 7 420 2 448
4 851 3 942 1 912 7 109 0 556 8 243 2 415 6 676 5 415 9 298
9 107 0 943 5 500 2 519 6 514 7 489 4 756 8 909 3 393 1 627
9 165 7 32 2 14 6 786 1 370 4 903 8 100 0 793 5 359 3 449
1 848 4 815 9 923 5 339 7 296 8 253 6 278 0 843 2 18 3 430
0 841 9 772 7 978 8 283 1 781 3 278 4 22 5 226 2 452 6 521
0 4 1 930 2 956 9 262 5 779 6 430 7 666 4 554 8 246 3 20
5 555 8 120 1 613 3 224 2 957 0 994 6 902 9 73 7 788 4 908
8 33 2 496 3 120 7 349 0 121 1 545 4 724 9 946 5 149 6 952
7 145 3 657 0 511 9 593 2 825 1 231 8 412 4 235 6 488 5 454
1 786 8 778 4 325 0 967 7 360 9 335 6 30 5 168 2 230 3 103
5 705 4 178 3 638 2 981 9 503 8 585 1 530 6 820 7 738 0 200
4 949 0 590 5 392 6 153 2 678 8 858 3 528 9 527 1 302 7 533
1 784 4 16 3 995 8 343 0 505 6 977 9 157 5 417 2 843 7 744
3 429 8 32 2 58 4 296 0 630 9 409 5 450 7 197 6 587 1 425
0 862 8 621 2 184 9 63 5 707 1 430 3 965 7 393 6 940 4 785
1 261 9 768 7 263 4 243 6 477 2 401 8 204 5 636 0 79 3 8
4 478 5 806 2 990 3 419 7 74 9 340 1 788 6 48 8 476 0 956
3 816 8 84 6 489 1 667 0 67 4 298 2 760 9 19 5 449 7 348
1 321 2 267 6 956 3 272 5 871 0 499 4 932 9 914 7 26 8 827
5 612 8 410 7 948 0 679 9 350 1 202 3 910 2 481 4 942 6 639
4 779 3 19 0 59 5 729 8 250 1 142 6 722 9 416 2 369 7 565
8 613 1 965 9 836 2 255 0 641 6 874 3 781 5 917 7 605 4 727
4 878 3 841 7 686 1 226 8 234 6 350 0 623 5 626 9 289 2 866
2 294 3 808 5 626 9 861 8 306 4 979 7 443 6 84 0 608 1 374
7 859 5 415 0 189 4 144 2 897 9 867 3 422 1 216 8 350 6 140
6 347 7 499 0 373 1 723 3 482 5 196 9 978 4 456 2 527 8 678
4 784 3 524 5 505 9 465 2 397 6 534 1 688 0 70 7 616 8 192
2 507 7 33 3 979 8 757 1 502 4 154 0 707 5 89 9 776 6 40
6 228 7 189 4 898 9 75 1 274 8 829 0 812 3 196 5 570 2 776
7 617 9 395 4 191 5 60 2 683 8 765 3 168 1 587 0 778 6 576
9 230 6 686 5 461 8 436 4 468 1 52 3 523 0 287 2 463 7 247
2 603 9 933 4 749 6 603 1 303 0 667 8 481 7 443 5 727 3 950
5 764 1 67 4 10 0 925 6 769 9 500 2 831 8 56 7 55 3 359
2 650 3 219 4 937 0 593 7 43 9 867 5 193 6 879 8 896 1 723
6 440 3 679 9 874 8 339 4 867 0 818 7 189 1 46 5 360 2 538
5 248 2 23 0 678 6 443 9 181 3 696 4 706 7 993 8 395 1 806
0 862 8 775 4 598 2 76 1 892 3 223 5 576 9 594 7 584 6 155
6 545 4 929 3 403 5 382 7 642 1 94 9 28 0 823 8 664 2 33
5 712 3 531 2 75 9 337 0 635 6 287 4 542 1 807 7 559 8 471
5 73 3 803 7 673 1 382 0 370 4 982 6 259 8 122 2 866 9 685
5 979 3 523 8 155 2 142 6 659 0 456 1 119 9 515 4 530 7 341
9 300 0 48 5 344 6 29 1 772 3 290 4 606 8 233 7 209 2 526
2 916 3 882 0 326 4 636 1 396 6 424 5 1000 7 270 9 635 8 111
1 51 6 32 2 632 8 171 9 921 4 638 7 13 3 89 5 357 0 604
4 227 9 593 6 974 8 718 3 266 1 779 2 415 5 77 0 453 7 909
9 267 2 307 7 628 0 558 8 558 1 147 4 67 3 754 6 766 5 712
1 496 4 803 6 320 7 224 3 274 8 472 2 119 5 828 9 972 0 12
9 688 7 279 1 665 5 934 2 89 4 384 6 194 0 89 3 639 8 798
4 995 2 999 6 799 8 496 9 731 7 559 0 988 1 822 5 50 3 55
3 135 1 735 6 197 4 952 9 525 5 143 7 980 8 693 0 426 2 333
6 725 2 775 1 483 8 711 4 970 5 185 0 417 9 474 3 693 7 338
6 281 9 722 0 107 4 588 5 417 8 681 7 118 2 632 3 333 1 144
8 237 9 980 6 895 4 664 1 719 7 243 5 821 0 659 2 308 3 775
5 925 7 468 3 132 6 21 2 675 4 576 9 56 1 316 0 507 8 15
9 254 8 132 3 529 5 731 0 427 2 703 4 741 1 380 7 897 6 319
9 749 2 589 4 200 3 300 7 227 0 415 6 537 1 904 8 270 5 983
8 725 0 401 9 108 1 766 5 612 2 641 6 468 7 774 4 289 3 646
0 225 8 20 1 434 5 785 4 315 9 639 3 134 2 85 6 488 7 707
3 79 1 206 6 584 2 593 9 455 4 732 7 134 5 975 8 719 0 50
0 50 3 935 5 555 8 207 4 563 9 967 6 865 1 233 2 530 7 461
3 640 0 328 7 762 4 117 5 53 9 734 2 515 8 624 1 400 6 337
7 453 5 874 2 677 9 35 0 818 4 41 6 215 3 423 8 100 1 285
5 559 8 623 0 174 4 472 7 682 1 806 2 711 9 43 3 376 6 663
0 360 2 202 4 9 5 656 9 55 7 885 8 970 3 55 1 388 6 724
5 621 0 584 9 513 1 303 6 886 8 360 2 238 3 543 7 194 4 465
7 642 2 900 3 187 8 994 9 38 4 356 1 62 0 297 5 467 6 765
6 861 9 872 1 156 7 79 5 159 2 122 4 854 8 313 0 333 3 312
9 883 2 542 0 497 5 877 6 54 4 684 7 87 3 10 1 193 8 537
3 77 0 846 8 915 2 170 6 447 1 462 9 61 7 617 4 643 5 21
2 715 0 106 1 795 7 912 6 368 5 930 4 632 3 705 9 977 8 677
5 771 2 221 6 180 3 506 7 656 8 924 0 946 1 661 4 764 9 397
3 23 5 2 9 981 8 764 4 907 1 969 6 440 2 889 7 352 0 738
8 980 6 725 9 300 1 141 3 774 0 515 5 817 4 830 2 751 7 857
9 23 7 172 5 336 2 826 8 283 4 333 3 182 0 682 1 64 6 984
0 111 9 325 2 884 3 630 1 164 8 204 7 406 4 877 5 97 6 693
0 35 3 115 8 191 4 566 7 232 9 899 6 123 5 69 2 626 1 407
1 960 7 655 2 273 9 747 3 927 8 715 5 75 6 977 0 871 4 986
1 173 4 991 3 807 6 6 7 435 9 97 5 799 8 132 0 257 2 43
5 135 1 399 3 786 2 232 6 79 8 522 4 13 9 416 0 630 7 306
6 825 8 465 2 719 7 422 1 349 5 501 3 469 0 932 9 313 4 332
6 855 4 625 5 363 8 502 7 406 2 220 1 682 3 375 9 987 0 519
0 503 1 543 8 37 6 67 7 33 2 933 3 545 4 128 9 167 5 327
4 418 6 214 2 176 7 673 0 208 1 155 5 302 9 880 3 325 8 928
7 673 0 281 9 546 3 690 4 624 2 522 5 200 1 331 8 675 6 725
8 826 7 402 2 764 0 893 6 768 5 637 1 475 3 654 9 39 4 946
1 408 0 134 8 708 2 549 9 916 7 321 4 407 3 600 5 672 6 373
0 948 2 565 8 847 3 980 9 60 5 17 7 656 1 751 4 338 6 502
8 259 7 797 6 794 3 952 5 444 9 536 1 628 4 921 0 45 2 328
2 486 3 844 4 694 0 182 1 415 5 866 7 312 6 983 9 632 8 788
7 824 0 891 6 45 9 909 1 751 5 665 3 89 4 315 2 293 8 673
8 712 7 715 0 845 4 589 5 653 1 814 9 932 3 189 2 556 6 731
2 819 5 374 9 898 0 906 6 477 1 382 3 528 7 267 4 2 8 758
6 39 8 265 1 833 7 300 2 349 5 974 4 204 3 812 0 69 9 563
4 717 8 579 1 869 2 924 3 767 6 208 5 545 9 103 7 871 0 327
3 509 5 671 6 793 1 419 9 623 7 417 2 191 8 336 4 731 0 954
9 684 6 714 1 936 4 139 3 935 2 733 0 775 7 490 5 651 8 698
9 260 3 326 6 139 4 634 7 917 0 894 2 11 1 914 5 552 8 839
9 833 7 604 1 818 4 473 8 667 6 518 3 769 5 908 0 434 2 856
1 450 7 860 3 187 2 159 0 767 5 126 4 303 6 674 9 424 8 606
7 240 5 197 4 378 2 815 0 924 6 578 1 470 8 654 3 998 9 256
2 336 1 523 8 63 7 925 6 31 0 868 3 364 5 624 9 964 4 40
7 537 4 492 1 508 8 973 3 115 0 106 9 16 2 287 5 27 6 326
5 676 3 750 2 183 6 691 4 532 0 866 7 426 8 358 9 97 1 270
1 868 9 12 2 411 0 142 7 564 3 817 4 329 6 542 5 169 8 742
0 757 7 304 9 776 6 246 2 539 8 842 4 640 1 437 5 95 3 346
6 249 1 821 4 477 3 542 0 347 8 151 9 596 7 188 2 323 5 163
5 420 2 419 6 920 7 532 9 87 3 197 1 260 8 922 0 420 4 745
5 230 3 109 0 238 1 337 7 628 8 498 9 851 2 837 6 637 4 46
1 192 9 233 2 789 5 837 6 266 4 322 3 314 0 741 8 783 7 352
7 251 3 268 2 819 8 217 1 976 5 226 9 991 6 931 4 908 0 605
2 179 8 683 9 679 7 911 3 956 4 870 1 304 5 878 6 337 0 722
9 728 8 672 5 343 0 163 7 809 3 624 4 653 2 446 6 366 1 601
8 170 1 355 0 748 9 806 2 609 4 676 7 14 3 276 5 959 6 988
7 374 8 45 0 491 3 686 5 951 6 346 1 52 4 403 9 448 2 628
1 945 7 151 8 83 9 583 4 241 3 625 6 691 2 931 5 522 0 493
2 651 8 32 7 839 4 792 1 404 6 477 5 659 3 239 9 607 0 269
1 626 0 981 4 616 6 967 5 351 3 511 9 483 7 689 8 792 2 181
6 944 8 280 5 910 9 815 2 418 7 735 4 896 1 681 3 806 0 393
9 247 1 413 8 519 6 28 3 211 4 84 7 950 0 941 2 5 5 408
5 222 6 513 3 510 4 129 2 134 9 679 0 524 7 186 8 311 1 688
3 629 7 223 0 53 2 120 4 604 8 654 9 235 1 588 5 577 6 63
8 871 6 927 3 181 5 168 4 76 1 699 7 635 2 666 9 22 0 561
0 369 7 458 9 857 5 637 8 606 4 868 3 954 1 985 6 350 2 107
9 991 3 43 8 840 2 198 5 898 1 302 6 736 0 999 4 296 7 698
1 249 6 269 9 960 2 369 7 410 4 268 0 688 3 552 5 641 8 46
3 705 2 13 5 278 9 824 6 170 8 395 0 830 1 307 7 970 4 352
0 864 9 614 5 15 1 911 6 499 4 645 3 875 7 526 2 630 8 200
1 358 8 150 5 282 2 186 9 327 0 930 3 418 6 203 4 228 7 551
7 635 1 309 3 442 6 359 2 14 9 176 5 614 4 881 8 106 0 578
3 689 1 528 8 310 6 998 2 418 4 662 5 396 9 688 7 341 0 846
2 633 7 699 5 433 4 395 3 25 6 927 9 488 8 312 0 880 1 770
4 575 8 44 3 835 6 594 1 253 2 921 7 45 5 444 0 641 9 642
5 630 2 276 3 988 1 727 8 725 0 641 4 125 7 854 6 461 9 860
1 883 6 136 2 830 9 133 5 765 4 5 0 403 3 618 8 93 7 756
8 921 4 245 3 372 1 867 5 119 2 321 6 447 7 984 9 368 0 305
2 494 6 90 3 741 1 797 4 277 8 239 9 504 0 282 7 964 5 42
6 12 1 524 2 449 8 112 5 472 4 530 0 173 7 592 3 202 9 455
9 316 6 229 5 376 8 144 3 566 1 505 2 593 4 39 0 987 7 239
0 131 1 155 7 619 5 173 2 549 8 706 9 730 4 804 3 804 6 476
8 699 6 382 2 340 4 317 5 652 0 843 7 604 3 398 1 519 9 48
7 452 5 528 0 904 9 533 3 746 4 487 8 466 6 296 2 127 1 775
1 765 9 923 7 825 3 702 4 282 0 743 8 217 5 702 6 975 2 412
0 517 7 781 9 621 6 614 5 408 4 930 1 870 3 213 2 221 8 693
5 237 4 433 2 947 8 52 3 622 0 200 1 394 6 406 7 196 9 534
8 20 6 550 0 825 9 424 7 518 2 534 3 536 4 77 5 725 1 733
0 622 2 905 6 22 8 119 1 455 4 367 5 830 3 559 9 349 7 642
6 328 4 731 8 587 1 56 0 997 7 340 2 840 5 268 9 325 3 737
5 40 7 366 1 923 4 447 3 196 2 689 6 375 9 767 0 152 8 961
0 518 1 836 6 789 2 207 5 332 4 287 9 821 7 67 3 721 8 417
8 572 4 589 3 600 5 92 1 679 7 736 9 76 2 902 0 924 6 875
3 374 8 772 2 1 9 884 0 258 6 607 5 912 4 571 1 792 7 373
6 896 3 305 5 918 7 934 2 151 1 636 8 898 0 177 9 771 4 416
1 780 4 427 6 392 2 779 8 874 9 4 7 259 0 964 5 814 3 822
8 174 9 457 5 626 2 994 3 844 7 317 4 60 0 257 1 764 6 450
4 580 3 11 8 826 2 888 6 730 1 608 9 176 5 250 0 276 7 601
0 477 5 705 2 181 3 690 8 844 4 799 7 834 9 718 6 821 1 898
1 310 9 655 4 392 0 412 7 781 8 865 2 109 6 515 3 901 5 481
8 873 7 849 2 728 1 175 3 291 9 874 4 254 0 989 6 949 5 349
9 528 4 483 7 934 5 570 1 511 6 73 2 900 8 71 3 171 0 832
8 231 7 710 5 711 6 325 3 832 4 238 2 802 1 995 0 608 9 436
5 73 4 620 6 541 3 389 9 487 7 75 1 671 2 115 8 894 0 753
0 817 6 715 5 47 7 243 9 339 8 775 4 414 3 164 2 316 1 356
4 889 0 132 2 29 9 490 5 607 3 533 7 57 6 267 1 685 8 781
5 616 2 970 3 251 1 109 0 739 7 26 6 38 4 269 9 202 8 328
2 830 7 241 1 744 0 342 5 432 6 197 3 960 4 724 8 214 9 816
4 121 8 125 5 137 1 448 6 141 3 443 9 969 0 50 2 775 7 872
0 227 6 611 7 51 4 715 3 665 8 304 5 863 9 923 2 720 1 767
8 31 3 539 4 171 5 953 1 727 0 162 9 68 6 964 2 385 7 118
0 771 2 344 7 142 8 100 9 351 5 670 6 417 4 222 1 545 3 584
2 703 0 553 6 80 4 937 5 299 1 202 7 854 3 42 8 326 9 373
4 194 6 310 2 947 7 874 8 335 3 539 1 561 0 373 5 650 9 190
9 673 5 335 0 560 7 913 1 823 6 886 2 886 4 835 8 430 3 494
0 170 9 52 8 284 5 210 4 159 7 275 6 333 2 307 1 934 3 127
4 923 8 236 7 815 1 718 5 450 0 312 2 159 6 525 3 970 9 40
5 636 2 397 8 886 1 613 6 155 0 926 9 785 7 206 4 538 3 915
3 560 0 711 1 882 9 729 5 906 8 590 7 932 2 13 6 108 4 475
3 285 8 962 5 282 0 131 6 404 7 979 4 496 9 321 1 176 2 803
9 606 4 858 2 174 5 30 8 698 6 779 3 815 0 68 7 783 1 33
3 313 7 426 2 867 0 53 1 820 4 388 6 158 8 570 5 709 9 555
0 726 8 60 3 967 7 519 9 327 1 911 6 356 5 841 4 232 2 169
5 132 7 520 2 594 4 397 3 917 8 982 1 265 9 357 6 240 0 238
0 133 2 627 9 204 5 212 6 370 8 332 3 116 1 16 4 42 7 314
6 267 1 513 2 525 5 364 4 800 7 634 8 47 3 124 0 260 9 12
2 1000 0 276 8 168 4 560 1 241 5 750 6 812 9 191 7 361 3 879
1 322 3 80 5 407 9 56 7 585 0 61 6 114 4 665 8 166 2 2
6 829 7 617 9 324 8 994 2 294 4 502 1 60 0 696 5 757 3 53
5 616 6 752 2 786 7 615 0 289 9 472 8 407 1 209 4 864 3 86
2 108 3 638 1 114 0 519 6 2 8 387 5 716 4 72 7 879 9 102
1 758 6 309 4 208 0 780 3 804 5 884 7 821 2 486 8 7 9 13
2 373 8 159 3 483 4 16 6 483 1 373 5 545 9 579 0 688 7 553
1 149 8 95 5 808 4 628 6 146 7 886 0 753 3 360 2 560 9 155
3 437 6 385 7 472 1 229 9 89 0 662 8 886 5 569 2 797 4 792
1 677 0 868 4 940 5 94 8 865 7 162 6 62 9 313 3 814 2 838
3 849 1 915 2 982 4 166 6 135 9 471 0 967 5 297 7 832 8 85
7 450 6 864 3 343 8 709 5 176 0 15 1 698 2 509 4 863 9 663
8 180 3 376 9 42 2 17 4 53 0 765 5 743 6 384 1 89 7 937
1 874 5 579 7 829 2 194 3 583 0 23 8 189 4 114 6 325 9 325
5 507 1 988 6 686 3 189 8 795 0 150 2 370 7 678 4 674 9 474
1 771 0 112 4 732 2 291 6 899 8 112 9 300 7 977 3 953 5 128
1 966 8 152 6 547 0 465 3 592 7 923 4 117 9 709 5 680 2 569
7 568 5 677 1 367 8 426 4 278 3 44 0 499 9 920 2 698 6 191
3 754 5 812 8 828 9 65 4 194 6 635 1 10 7 806 2 77 0 61
6 586 7 876 1 354 4 987 5 780 8 746 3 847 9 402 2 764 0 166
3 842 8 544 1 748 0 62 4 703 6 842 2 409 9 50 7 372 5 111
5 420 1 444 0 520 9 701 2 65 8 774 3 873 4 278 7 852 6 767
1 349 2 550 4 143 5 561 7 81 9 516 6 328 8 554 0 181 3 267
6 463 2 924 0 200 3 996 8 182 9 707 1 120 4 601 7 249 5 963
8 897 6 440 2 868 1 556 5 271 3 554 4 876 7 547 0 511 9 687
2 685 6 390 1 727 8 80 9 483 0 411 4 278 3 481 7 797 5 501
6 438 1 753 9 803 3 709 4 654 8 111 2 880 5 177 7 708 0 467
5 90 4 403 8 904 9 422 1 526 7 577 3 819 6 206 0 401 2 36
0 734 6 402 2 338 8 183 7 863 4 927 3 995 9 654 1 550 5 117
1 86 2 304 9 215 7 41 0 467 8 395 4 576 3 199 6 511 5 83
7 281 9 179 1 545 0 278 8 227 2 788 3 431 6 15 5 609 4 174
0 261 3 685 8 451 7 451 4 781 5 311 1 258 2 702 9 226 6 774
8 774 2 435 4 918 1 607 9 226 0 574 5 588 3 171 6 473 7 486
5 456 4 853 1 170 2 974 8 290 9 392 7 215 3 800 0 673 6 410
5 100 6 966 8 460 3 401 4 930 9 223 0 491 7 937 1 99 2 346
2 549 7 567 6 575 5 497 9 3 0 348 1 461 4 829 8 601 3 409
6 846 5 362 1 389 0 284 4 604 2 72 3 288 9 341 8 880 7 685
8 169 2 199 6 536 4 754 0 521 1 502 3 479 9 872 7 473 5 249
6 926 3 206 7 47 4 340 0 856 5 355 2 864 9 814 8 612 1 522
6 63 7 201 0 539 2 807 4 91 5 203 1 185 8 180 9 559 3 592
1 537 4 144 9 811 7 506 3 217 6 933 5 216 2 118 8 221 0 132
1 65 5 764 0 735 2 655 3 325 7 379 9 172 6 283 4 545 8 982
9 105 7 616 3 857 6 383 2 876 0 799 1 951 8 623 4 247 5 599
6 428 0 319 7 800 9 755 8 604 1 166 2 564 4 915 5 343 3 527
8 641 6 118 9 249 2 125 5 739 1 33 0 594 3 846 7 270 4 871
6 209 1 322 4 954 8 660 5 124 7 743 9 829 0 807 2 43 3 187
6 714 3 708 5 555 4 300 0 463 7 564 9 534 1 623 2 444 8 402
7 327 3 403 5 647 6 426 8 139 9 537 0 381 4 55 2 275 1 899
5 843 9 561 7 334 3 662 2 554 6 90 4 988 1 661 0 377 8 772
5 501 2 387 9 132 6 929 8 263 7 229 3 819 0 382 1 655 4 409
4 661 6 476 7 942 0 591 2 275 8 636 5 149 1 171 3 305 9 863
0 932 8 940 4 615 5 295 1 427 7 21 3 246 6 750 9 76 2 821
6 957 2 113 1 751 0 444 5 923 9 8 3 597 8 492 7 439 4 932
5 377 8 961 4 692 1 350 3 848 0 391 9 744 7 48 6 113 2 80
6 931 8 458 5 72 1 142 7 813 4 660 3 412 2 115 0 344 9 675
6 472 5 522 1 45 8 826 2 159 3 769 4 850 9 21 0 912 7 62
5 33 7 293 6 625 8 443 9 116 3 115 4 944 2 767 0 916 1 179
7 141 8 267 4 168 5 791 1 283 2 589 3 627 9 84 6 949 0 468
4 118 9 261 6 293 1 362 8 589 5 11 2 424 3 447 0 782 7 573
0 661 5 47 6 955 3 578 1 316 7 74 9 185 8 440 2 443 4 483
7 505 6 191 1 540 8 24 4 603 2 352 5 474 3 965 0 227 9 948
3 234 0 309 5 884 8 474 9 343 6 751 7 704 2 432 4 549 1 241
1 657 9 836 3 303 0 403 2 610 6 944 7 636 4 874 5 719 8 497
8 748 9 343 2 828 4 330 3 649 6 780 0 425 1 290 5 857 7 994
7 594 6 622 9 271 4 258 0 396 8 548 3 857 1 862 2 331 5 565
6 348 5 267 3 929 7 846 4 115 0 830 8 98 9 116 2 655 1 984
7 99 1 17 2 280 8 119 3 120 0 455 5 458 9 42 6 116 4 280
6 443 5 720 2 203 4 896 8 512 7 150 1 828 3 255 0 567 9 467
1 674 3 383 8 624 2 546 4 506 5 454 0 124 6 140 7 398 9 816
5 80 3 623 2 216 4 821 9 883 1 878 0 387 7 706 8 938 6 78
8 234 9 263 6 468 7 467 1 164 3 860 4 193 2 469 0 575 5 921
9 799 0 794 3 265 6 160 2 4 4 737 5 630 8 609 1 535 7 88
6 620 1 674 0 938 5 867 8 706 7 993 9 120 4 354 3 767 2 32
1 236 5 581 8 254 0 939 9 34 3 711 2 863 6 944 4 334 7 508
5 297 1 332 4 50 3 927 9 684 7 726 2 230 0 661 6 803 8 162
1 40 6 32 0 854 7 733 8 227 2 121 4 550 9 120 5 435 3 357
8 785 4 955 5 166 1 307 7 317 2 423 0 134 9 687 6 121 3 111
9 212 6 614 4 847 0 996 7 502 5 334 8 550 2 844 3 905 1 449
1 692 8 303 2 618 0 119 4 673 7 789 9 13 3 996 5 894 6 479
5 681 7 997 8 468 0 689 3 83 2 570 9 522 4 480 6 391 1 321
3 206 1 742 8 421 9 95 4 484 0 479 6 247 7 475 2 820 5 278
0 353 2 905 6 734 3 401 5 465 4 120 8 825 9 335 7 214 1 945
9 545 0 282 6 397 1 420 4 646 2 892 3 711 5 256 8 881 7 282
3 278 6 591 1 186 0 735 8 710 5 860 4 164 7 655 9 368 2 650
5 298 1 289 8 882 6 146 4 779 9 655 7 466 2 672 0 753 3 213
7 177 9 595 5 840 8 332 3 796 6 823 1 817 2 426 4 470 0 681
5 822 8 80 3 58 6 702 7 664 9 944 1 587 4 784 0 932 2 824
5 230 6 167 2 508 3 975 1 911 8 23 4 729 7 971 9 849 0 763
9 950 8 461 0 530 4 247 5 329 1 874 2 162 3 690 6 850 7 566
3 988 6 24 5 350 8 591 7 444 1 506 9 501 2 291 0 49 4 448
6 327 7 207 1 204 4 805 3 541 0 422 9 46 2 141 5 156 8 818
2 681 8 206 7 500 6 930 9 653 3 311 5 294 0 663 1 122 4 185
4 901 9 988 2 117 8 561 1 52 7 123 6 499 5 375 0 805 3 462
3 658 9 487 8 433 5 296 2 535 6 250 7 43 0 25 4 474 1 583
3 670 2 503 8 734 7 59 9 975 1 208 5 5 6 266 0 726 4 233
7 337 0 832 8 270 5 921 6 540 2 465 3 764 9 159 4 329 1 273
5 964 4 756 8 171 7 906 1 574 0 183 3 715 2 168 9 688 6 804
3 255 9 882 2 581 7 175 0 118 5 519 1 819 6 435 8 968 4 249
7 786 1 266 4 354 6 347 3 256 8 935 2 535 0 163 5 546 9 240
5 586 7 36 2 709 8 849 3 865 6 412 9 75 1 447 0 459 4 612
7 41 0 731 6 233 4 529 2 236 5 198 8 162 3 925 9 675 1 839
1 297 2 179 3 24 5 278 9 178 8 406 4 177 7 388 6 506 0 212
8 387 5 225 3 667 0 740 7 998 6 906 1 518 2 417 9 611 4 669
7 899 8 546 3 665 0 730 6 892 5 192 1 823 2 304 4 265 9 67
1 964 3 688 9 908 4 209 2 787 0 650 5 764 8 268 6 267 7 795
6 895 3 911 5 850 1 264 0 999 9 37 2 497 8 129 4 640 7 710
6 906 4 613 0 912 1 734 9 150 3 61 7 188 5 940 8 579 2 416
0 556 7 884 2 642 9 611 5 997 8 489 4 431 3 722 6 173 1 987
5 98 4 320 2 411 1 360 7 875 8 455 6 443 0 523 3 834 9 244
3 513 0 678 4 556 7 570 6 126 9 716 2 794 5 193 1 566 8 776
8 731 4 250 0 714 7 483 6 377 9 515 2 360 5 598 1 329 3 186
5 296 2 117 3 588 9 199 8 682 1 500 6 339 0 554 7 779 4 73
0 583 3 190 2 671 6 965 9 326 1 321 5 656 7 16 8 266 4 1
6 4 4 224 5 443 3 588 9 652 0 670 7 37 2 803 1 233 8 53
0 668 7 245 9 298 2 16 4 403 6 516 1 816 8 70 5 413 3 670
5 954 3 268 1 283 6 971 2 892 7 736 8 499 9 125 4 818 0 734
4 809 8 104 0 11 3 817 1 976 9 24 6 9 5 655 2 649 7 970
4 500 9 849 2 404 5 16 7 574 3 286 0 132 8 564 6 801 1 835
4 165 6 423 7 309 1 729 8 681 2 847 5 334 9 315 0 407 3 571
6 329 3 258 8 477 0 996 7 367 1 758 9 420 4 691 5 507 2 596
8 842 9 833 6 13 7 535 2 6 5 46 1 833 4 628 3 331 0 369
3 753 7 614 5 351 6 377 4 135 2 890 0 126 8 86 1 479 9 672
6 735 1 47 9 833 7 287 4 264 3 785 8 556 0 716 5 189 2 752
4 758 8 535 7 532 9 325 5 112 0 154 3 700 6 132 1 526 2 614
0 556 1 401 6 61 5 115 2 704 3 527 4 340 9 44 8 469 7 116
4 925 5 54 3 518 1 69 0 805 2 699 6 511 9 489 8 263 7 734
0 543 1 276 5 655 9 173 6 851 4 755 2 241 7 126 3 220 8 494
5 682 3 680 0 699 9 327 8 23 1 151 7 931 6 190 4 506 2 59
8 716 0 830 1 931 7 910 3 328 2 808 4 434 9 184 6 670 5 657
2 314 8 217 6 940 3 883 9 545 1 986 5 674 7 317 0 893 4 352
5 530 9 8 3 513 1 990 8 475 2 119 6 684 0 838 7 620 4 225
9 98 4 883 8 941 3 47 7 860 6 694 1 226 5 436 0 395 2 83
3 337 0 478 5 210 8 384 1 658 4 416 6 241 9 114 7 390 2 145
