1000 10
7 132 8 78 2 705 9 385 4 297 1 769 0 497 3 925 5 841 6 276
7 255 2 582 9 726 8 771 0 224 5 748 6 133 4 802 3 839 1 764
5 357 0 869 3 930 4 841 7 661 2 325 6 463 1 648 9 738 8 336
8 806 4 902 0 878 3 451 6 496 2 816 7 476 1 863 9 957 5 318
6 344 4 374 2 572 5 6 1 100 3 664 9 691 7 249 0 500 8 54
7 486 5 212 1 963 6 874 9 540 4 12 2 31 8 937 3 621 0 390
5 487 0 615 7 39 9 771 8 620 1 565 2 272 4 981 3 413 6 104
2 318 4 865 9 229 0 729 7 882 5 337 6 568 1 589 3 179 8 452
3 739 5 313 0 711 6 100 4 792 2 84 1 212 9 179 7 657 8 689
9 365 8 11 4 140 1 175 5 888 7 745 2 108 0 295 6 36 3 589
7 472 0 825 2 416 5 769 4 477 8 474 6 950 9 291 1 679 3 518
5 62 3 489 4 428 6 7 7 703 0 352 1 665 2 536 9 976 8 625
4 870 5 32 1 469 3 441 7 341 6 622 2 117 8 619 9 345 0 277
0 56 4 932 2 72 3 380 7 318 9 994 6 546 5 565 1 475 8 938
8 436 1 951 5 942 9 509 3 797 0 99 7 752 4 470 6 634 2 928
4 610 1 74 6 284 7 355 3 832 8 877 2 263 9 678 0 434 5 765
8 270 7 11 4 552 5 245 3 642 2 326 9 117 0 760 6 898 1 285
1 757 4 312 5 708 3 620 6 392 8 210 7 985 2 825 0 968 9 344
7 854 9 713 8 543 6 387 1 462 4 981 3 970 5 146 0 430 2 165
7 338 4 963 5 193 0 510 8 649 2 205 6 273 1 67 3 17 9 408
7 495 9 966 1 408 6 282 5 90 3 185 0 904 4 494 8 803 2 646
9 235 3 475 5 609 4 751 6 363 7 574 1 824 0 74 2 927 8 109
3 741 1 805 4 2 5 794 2 852 0 890 7 446 6 735 8 50 9 615
9 206 8 916 1 47 3 653 4 737 0 819 5 955 7 562 6 618 2 932
4 393 2 109 7 723 0 594 9 569 3 934 8 138 1 217 6 623 5 271
9 588 2 82 0 928 3 115 5 526 4 876 6 957 1 970 7 187 8 305
1 969 0 878 4 728 6 906 8 804 9 925 7 923 5 984 3 194 2 115
7 209 8 112 5 78 0 171 3 822 4 562 2 7 1 65 9 423 6 271
8 261 0 455 1 60 4 716 6 524 2 715 3 562 5 487 7 871 9 114
2 533 7 477 5 105 6 371 9 898 8 941 3 764 0 482 1 642 4 909
9 500 4 719 7 242 0 159 2 301 5 74 1 800 3 23 8 729 6 374
6 360 2 92 4 111 5 783 3 108 8 552 7 77 1 945 9 386 0 22
4 14 7 671 5 999 8 655 9 38 1 852 6 665 2 553 0 2 3 313
2 482 5 789 0 396 8 804 7 641 4 307 9 228 3 97 1 587 6 756
9 915 6 40 5 287 0 500 2 785 1 386 7 598 4 898 3 990 8 89
7 745 6 669 4 357 8 60 1 261 5 196 2 693 3 907 0 513 9 978
8 57 4 85 1 512 0 173 5 807 7 796 9 794 2 826 3 126 6 794
2 653 3 70 9 648 5 578 6 449 0 763 1 423 4 85 7 56 8 509
8 36 5 143 2 212 6 392 4 506 0 757 9 331 3 192 1 601 7 950
0 550 1 556 8 287 4 291 7 343 9 424 6 617 3 844 2 888 5 582
5 303 7 577 3 881 9 833 8 669 0 553 4 329 6 509 1 397 2 75
9 286 8 710 0 10 5 471 3 903 1 531 2 648 6 983 4 782 7 679
6 599 4 447 7 11 3 308 9 487 0 982 8 940 5 428 1 229 2 224
1 953 3 901 7 235 0 570 9 171 5 968 4 637 6 962 2 21 8 967
7 312 8 864 4 282 1 200 5 709 0 724 9 462 3 547 6 555 2 229
3 121 0 980 7 819 8 739 6 190 5 4 1 317 2 667 9 329 4 595
9 951 7 684 4 535 3 530 1 134 0 906 2 712 5 280 6 381 8 111
9 519 8 483 2 418 5 353 6 682 1 177 3 232 7 116 0 948 4 378
4 47 5 492 8 584 9 547 1 760 3 502 7 961 2 122 6 108 0 20
4 708 9 41 2 605 1 292 7 367 8 193 3 876 0 709 5 435 6 165
2 768 6 245 7 644 9 23 1 456 3 105 5 441 8 915 0 832 4 65
5 399 6 118 9 912 7 343 2 544 0 274 4 491 1 333 3 257 8 161
0 10 8 480 3 985 5 11 7 784 2 628 4 980 1 439 9 313 6 461
3 496 2 354 5 803 4 128 7 167 8 590 0 79 1 300 6 755 9 426
3 921 5 512 4 641 8 242 0 234 7 762 9 443 2 667 1 559 6 385
0 193 9 805 2 682 4 112 6 994 5 949 8 646 1 960 3 364 7 238
5 129 8 9 1 347 3 68 4 530 0 724 2 990 6 221 9 345 7 343
1 805 3 339 2 974 5 702 6 79 8 986 4 233 7 106 0 720 9 611
7 160 9 545 5 159 1 435 4 512 3 75 8 877 6 99 2 219 0 340
4 849 8 236 1 656 2 938 5 313 6 158 3 384 7 725 0 523 9 478
0 99 8 557 7 498 4 682 5 59 6 997 3 140 1 98 9 105 2 131
8 936 7 157 6 612 1 296 2 893 0 421 3 144 4 178 5 533 9 936
7 362 6 459 8 352 5 228 4 10 9 62 1 517 3 406 0 353 2 694
9 235 7 238 0 826 4 371 8 278 5 3 1 445 6 634 2 174 3 495
3 726 8 559 9 977 6 806 5 300 1 602 2 768 7 553 4 470 0 267
8 462 5 721 4 16 3 483 0 661 1 866 7 411 9 521 6 75 2 526
7 714 6 133 5 698 3 794 2 160 0 588 8 342 4 281 9 480 1 153
3 527 7 715 2 764 8 892 9 214 4 674 6 183 5 362 0 539 1 577
1 638 8 593 7 293 0 994 9 800 3 750 2 835 4 370 6 599 5 277
7 824 4 90 6 391 5 84 0 148 1 301 9 219 2 613 3 268 8 697
7 423 9 302 5 780 1 452 0 191 3 38 2 83 8 756 4 998 6 526
4 932 7 947 8 524 1 593 5 325 3 246 6 143 0 642 9 544 2 224
8 194 5 241 6 367 2 919 4 243 9 257 1 732 0 619 7 5 3 761
1 598 5 726 3 382 4 605 6 232 9 581 7 723 0 256 2 284 8 250
8 792 3 16 0 413 7 442 6 460 2 774 9 58 5 370 4 816 1 129
1 806 5 345 6 616 7 294 3 364 2 105 9 922 0 814 4 847 8 832
6 340 8 356 1 640 5 38 7 442 3 361 2 769 0 42 9 141 4 982
5 38 7 965 4 207 3 317 9 27 0 754 1 2 6 653 8 568 2 745
9 648 3 672 7 82 2 303 5 21 6 26 1 435 8 844 4 657 0 664
3 345 2 344 7 626 8 731 0 756 6 530 4 879 9 536 5 273 1 95
1 535 3 77 6 316 4 692 7 567 5 338 9 658 2 376 0 970 8 97
2 36 7 400 4 291 6 915 0 176 9 544 5 374 8 185 1 249 3 435
3 956 7 548 4 830 1 488 2 733 6 305 5 704 0 121 9 288 8 76
9 69 0 424 4 14 8 136 5 130 6 873 1 253 2 521 7 590 3 78
2 48 3 774 6 417 5 403 1 276 0 670 4 315 9 247 7 69 8 478
4 97 8 627 6 182 7 676 3 882 5 986 2 360 0 515 9 983 1 909
7 506 5 715 6 913 0 506 1 758 2 988 9 445 4 952 8 508 3 423
9 370 8 474 4 656 2 249 7 916 0 141 1 959 5 997 3 400 6 944
3 991 7 397 6 23 8 239 1 164 4 173 5 904 9 876 0 574 2 284
3 646 2 259 9 960 6 143 8 897 0 232 4 180 5 660 1 552 7 911
9 25 0 520 7 452 4 519 3 383 5 589 8 543 1 372 2 865 6 36
2 299 6 671 9 937 4 794 0 664 7 245 1 617 3 418 5 181 8 705
7 485 6 528 5 712 3 390 4 887 0 485 9 128 1 37 2 10 8 604
8 255 6 704 9 832 1 847 3 190 4 321 0 223 7 679 2 944 5 913
9 214 8 822 5 736 2 873 3 357 6 75 7 287 0 606 1 546 4 489
6 277 4 765 5 728 7 964 1 449 3 107 2 498 0 441 9 859 8 103
8 974 5 617 6 335 7 951 3 548 2 690 4 84 0 908 9 901 1 522
1 842 6 707 7 849 0 913 2 987 9 952 8 472 5 785 4 376 3 929
9 218 4 149 3 700 2 364 7 795 0 243 1 261 8 926 5 14 6 263
4 982 6 297 2 626 5 774 0 58 3 826 1 650 7 156 8 452 9 468
3 533 4 122 1 866 8 868 5 54 6 231 2 927 7 466 0 463 9 882
1 935 7 736 4 358 9 753 5 725 3 90 0 122 8 98 6 33 2 579
1 422 9 275 7 549 0 840 5 411 4 319 8 382 2 834 3 693 6 872
8 616 2 606 9 724 6 892 4 234 1 161 5 418 3 190 7 665 0 666
2 268 0 505 7 689 8 280 4 674 1 483 5 965 3 396 6 424 9 756
7 839 0 85 5 439 4 705 3 28 9 822 8 366 6 313 2 495 1 214
9 193 7 204 0 661 8 604 3 116 2 635 6 824 5 357 1 473 4 624
5 749 4 92 7 765 1 147 8 721 2 92 6 840 0 949 3 208 9 525
6 683 4 365 9 62 7 792 5 972 1 173 8 398 3 577 2 277 0 472
0 287 7 752 8 636 4 530 3 759 5 468 2 211 6 172 9 560 1 181
8 902 6 354 5 903 2 700 3 12 1 851 7 643 9 881 0 935 4 837
1 2 5 889 6 542 0 506 7 159 3 986 2 434 8 83 4 96 9 124
6 662 1 543 0 44 5 741 8 319 2 823 4 170 9 209 3 43 7 130
3 68 7 621 0 822 5 560 8 874 2 798 6 175 9 157 1 851 4 299
4 265 1 805 5 807 2 12 6 189 0 486 3 960 7 109 9 77 8 134
3 926 6 706 5 843 8 802 9 889 4 841 2 336 7 512 1 241 0 671
7 185 2 969 1 962 9 584 0 108 4 374 5 572 8 223 6 400 3 22
5 30 8 53 0 538 1 186 7 834 4 106 2 708 9 134 3 852 6 613
3 656 1 572 4 228 0 650 9 794 5 325 2 803 6 183 7 147 8 639
4 418 0 250 1 202 7 638 2 437 6 331 3 21 5 808 8 775 9 209
4 893 7 482 8 431 3 60 9 951 0 536 1 568 5 567 2 23 6 837
4 135 3 720 8 527 0 607 5 773 7 173 6 430 9 381 1 508 2 740
6 876 5 793 2 911 7 447 9 424 8 756 3 906 0 730 4 468 1 26
7 912 3 266 9 73 1 235 4 827 2 884 8 556 6 35 0 973 5 215
8 90 0 319 4 501 9 40 6 776 2 100 5 398 7 360 1 314 3 542
0 466 3 116 9 557 7 553 4 196 6 664 2 297 1 80 5 539 8 808
0 510 1 64 6 170 5 389 3 391 2 792 7 644 9 697 4 436 8 39
2 565 6 287 0 553 9 497 7 579 3 41 1 364 8 23 5 179 4 384
8 820 4 675 7 793 0 770 5 405 6 893 2 639 3 787 9 816 1 733
2 734 7 962 0 558 8 598 4 83 3 222 9 293 1 418 6 184 5 454
2 980 3 239 5 43 0 634 6 888 7 54 8 700 9 449 1 673 4 221
4 400 9 807 7 103 1 952 6 931 8 259 0 190 2 448 3 10 5 523
0 760 5 943 4 358 9 684 6 873 1 287 7 221 3 321 2 958 8 655
1 202 5 479 7 607 6 161 4 269 3 620 0 363 2 931 9 213 8 538
4 171 2 136 9 489 8 219 6 127 3 90 5 14 7 258 0 364 1 854
3 659 7 652 2 263 5 379 1 512 9 17 4 531 8 96 0 53 6 251
2 710 6 338 9 95 4 858 0 370 3 968 8 557 7 873 5 135 1 475
8 256 1 832 2 597 5 428 6 913 3 295 9 503 0 844 7 453 4 900
4 820 2 786 3 163 7 394 6 463 9 933 5 15 1 998 8 671 0 430
4 279 0 246 5 856 3 184 8 874 7 345 6 400 2 71 1 728 9 845
4 158 7 562 6 603 2 585 5 396 8 79 0 453 9 711 3 85 1 850
9 93 0 893 7 497 3 529 8 641 5 849 4 614 2 31 1 759 6 935
9 345 3 427 6 326 8 600 7 674 5 236 0 263 1 88 4 598 2 588
5 601 6 60 4 645 3 493 8 906 7 7 0 771 1 156 9 561 2 376
3 20 7 721 9 424 6 713 2 592 0 840 5 296 1 334 4 807 8 119
5 492 3 743 9 590 1 652 0 607 4 316 2 751 7 59 8 290 6 757
8 167 2 945 0 822 7 283 4 168 9 40 1 247 5 174 3 767 6 295
8 561 3 748 5 856 7 372 0 476 4 171 2 653 9 41 6 451 1 715
3 910 9 777 1 819 6 995 2 674 4 773 8 655 0 190 5 659 7 368
7 480 6 586 4 968 2 43 8 201 5 21 3 532 1 565 9 160 0 668
3 787 0 971 5 640 7 889 4 869 2 424 8 708 6 704 9 459 1 769
4 295 0 14 2 367 5 416 8 871 7 319 9 696 1 986 6 423 3 402
7 338 3 943 5 651 8 187 6 788 2 918 1 615 0 246 4 475 9 170
3 56 7 898 1 84 5 654 4 220 2 410 9 679 6 312 0 229 8 35
6 31 1 892 2 752 9 874 0 21 8 504 3 660 7 102 4 68 5 895
3 886 2 405 1 808 5 869 8 378 7 758 9 896 0 142 4 715 6 506
6 442 3 739 7 251 8 935 1 741 4 42 5 519 0 634 9 146 2 696
6 834 8 265 2 940 4 726 3 362 9 651 1 46 0 310 7 935 5 309
3 756 7 264 2 383 9 633 6 593 5 629 4 878 0 916 1 863 8 599
7 731 6 605 1 998 8 771 0 166 4 125 9 867 5 316 3 206 2 608
7 554 8 413 4 791 0 390 6 639 3 891 1 288 2 797 5 429 9 805
5 234 8 895 3 337 0 393 9 613 4 204 6 881 2 68 7 685 1 244
4 854 5 589 0 489 9 859 1 545 6 950 8 932 3 345 7 42 2 160
2 484 4 181 0 667 8 427 9 968 6 485 7 91 1 55 5 391 3 197
3 846 7 401 9 931 6 873 5 778 8 309 1 93 4 321 2 932 0 93
9 210 4 632 5 409 6 843 0 586 2 89 7 993 8 425 1 601 3 919
3 269 2 570 4 671 7 542 9 481 1 732 5 946 6 915 0 476 8 501
1 371 6 573 2 981 7 663 9 990 3 607 0 832 4 178 5 787 8 148
3 278 1 524 2 745 9 205 6 819 5 95 8 74 0 777 4 184 7 303
7 114 8 50 1 776 2 86 5 561 9 120 3 200 4 446 0 880 6 428
6 792 8 219 2 272 1 203 3 710 0 963 4 245 9 181 5 50 7 394
8 778 7 673 9 931 5 406 4 351 2 295 3 464 0 388 1 885 6 617
4 811 8 861 6 793 0 279 7 840 3 920 1 823 5 517 2 852 9 13
6 294 7 460 9 225 0 587 2 873 8 402 4 253 5 887 3 406 1 702
8 57 3 915 2 191 9 220 0 863 6 926 5 654 7 577 1 741 4 349
0 590 1 36 3 151 7 430 9 732 6 449 5 641 4 748 2 997 8 995
8 481 2 540 5 328 4 326 3 131 6 939 0 980 9 430 1 302 7 114
9 36 3 87 7 852 6 255 1 967 8 602 2 663 4 209 5 301 0 376
3 374 7 503 1 378 2 774 9 279 4 830 6 943 5 997 8 86 0 158
0 406 3 925 6 276 7 439 8 155 1 326 9 435 5 181 4 947 2 595
6 133 0 213 8 92 1 315 3 725 4 259 2 235 5 677 7 405 9 546
1 605 4 127 3 470 7 895 8 237 5 835 0 110 9 650 2 268 6 511
2 836 8 353 4 791 7 736 6 327 0 419 5 666 9 330 1 220 3 830
0 811 6 589 1 326 8 742 4 497 7 40 2 728 5 75 3 34 9 851
5 294 7 909 8 156 2 252 3 162 1 159 0 539 9 616 6 922 4 957
4 953 3 259 5 942 7 163 9 796 1 830 2 735 6 75 0 218 8 492
2 155 7 162 9 895 6 433 1 245 5 560 0 383 3 847 8 538 4 827
9 951 8 863 6 630 3 959 7 789 5 888 2 805 4 332 1 832 0 351
9 341 1 859 4 81 7 228 5 169 8 766 6 417 2 52 3 120 0 612
7 997 3 472 9 812 4 69 6 245 1 778 8 943 5 912 2 554 0 879
7 614 9 271 2 13 5 37 4 490 0 275 8 876 3 802 6 284 1 90
0 791 4 262 7 525 5 849 9 857 1 783 8 152 2 559 6 770 3 535
5 295 9 145 2 505 1 364 8 1 4 443 3 959 7 43 0 822 6 665
1 319 9 98 6 833 3 963 2 257 8 769 5 788 7 734 0 325 4 332
1 890 3 909 2 381 7 200 9 749 0 459 8 756 4 111 6 128 5 147
1 170 9 458 0 398 4 558 6 249 3 354 7 529 5 560 2 410 8 42
2 855 8 904 7 305 0 29 4 343 1 298 6 607 9 656 3 241 5 459
0 613 7 979 4 236 8 544 5 710 9 49 6 889 2 476 1 390 3 249
9 740 5 580 8 423 6 233 0 434 7 408 2 610 1 990 3 846 4 232
6 770 5 843 1 894 3 568 7 124 4 331 8 779 0 178 2 490 9 28
1 230 2 271 0 695 7 274 5 333 3 305 8 502 9 221 6 20 4 824
9 19 4 121 7 401 5 855 2 715 8 728 3 216 1 674 6 215 0 166
0 717 2 774 1 418 3 288 9 552 8 853 7 596 6 305 5 297 4 725
7 528 0 131 2 797 4 764 3 896 9 695 5 186 6 179 1 728 8 425
0 852 1 635 9 536 8 506 7 42 2 64 3 298 6 859 5 522 4 505
0 188 1 420 3 713 9 40 7 608 8 830 2 343 5 12 6 598 4 123
3 487 7 449 8 787 1 648 9 204 5 17 2 378 6 395 4 534 0 105
3 577 2 711 4 868 1 354 9 447 6 449 7 532 0 211 5 906 8 447
9 910 1 624 2 797 5 964 8 438 7 96 6 950 4 426 3 456 0 616
4 581 1 692 5 630 7 104 0 688 2 759 9 965 6 495 3 187 8 509
6 294 8 513 7 509 1 37 2 880 9 977 4 279 0 930 5 706 3 331
0 949 6 510 3 734 8 211 4 550 9 195 7 50 1 308 5 329 2 855
0 616 3 406 5 421 9 713 7 148 6 479 4 843 8 828 2 502 1 780
7 519 0 151 6 333 3 941 1 536 4 382 8 12 5 11 9 673 2 753
6 321 3 222 7 216 4 702 8 880 1 559 5 820 9 517 0 206 2 726
3 172 5 49 9 569 8 769 2 827 6 30 7 501 0 514 4 63 1 339
2 513 5 900 3 840 8 286 9 520 4 170 1 534 6 806 0 260 7 292
8 267 9 105 1 957 6 711 7 943 0 418 2 294 4 551 5 154 3 950
6 153 2 403 5 853 1 436 3 897 8 749 9 834 0 623 7 916 4 117
0 713 5 281 1 724 2 122 6 796 4 117 8 51 9 604 7 242 3 825
9 484 1 112 5 208 0 926 7 137 4 521 3 438 2 398 8 286 6 864
6 453 7 697 8 804 9 311 5 742 2 700 3 626 4 223 0 750 1 559
9 174 7 724 2 5 5 776 0 945 6 546 4 238 8 465 3 585 1 751
1 889 6 427 2 216 0 541 3 444 4 710 9 121 7 697 5 728 8 950
6 275 1 637 9 960 8 611 3 446 2 422 7 508 4 557 5 706 0 123
0 355 2 586 4 566 7 851 9 455 3 758 5 214 8 489 6 450 1 190
5 71 3 607 4 151 2 945 9 604 1 476 8 771 0 459 7 954 6 324
5 763 6 127 1 952 9 922 8 303 0 856 4 488 3 620 7 955 2 892
6 211 7 179 0 438 3 374 4 969 1 150 5 931 9 294 2 542 8 386
5 573 9 135 8 136 4 192 1 88 7 381 3 228 6 195 0 538 2 265
8 960 5 436 0 929 7 59 2 603 6 252 9 686 4 523 3 193 1 549
0 102 4 315 1 891 9 789 2 586 7 941 8 147 3 48 6 804 5 900
7 797 6 138 3 738 9 289 5 704 8 174 0 119 4 541 2 700 1 797
5 404 9 270 3 846 7 486 6 830 0 656 1 183 8 334 4 553 2 689
6 43 5 701 8 219 2 680 9 204 4 973 3 667 1 611 0 943 7 839
7 159 2 916 1 846 8 252 9 53 3 888 0 236 5 220 6 978 4 204
9 24 5 327 8 870 6 308 4 369 0 222 7 88 1 753 2 448 3 813
2 813 1 533 3 602 8 791 5 388 9 774 7 996 0 454 4 213 6 974
4 225 5 517 0 584 3 699 9 127 8 148 1 835 6 847 2 544 7 272
0 291 4 214 8 908 2 964 6 858 3 463 1 140 7 880 9 929 5 978
9 601 7 860 5 885 1 196 3 451 8 729 2 382 4 562 6 958 0 964
3 901 2 727 1 14 4 960 0 131 9 99 5 883 6 615 8 262 7 659
7 767 5 188 9 438 2 967 1 21 4 72 0 958 8 605 3 996 6 808
9 679 7 423 3 344 8 535 1 550 2 938 6 362 0 813 4 957 5 254
2 189 4 892 1 526 3 5 9 9 8 442 6 564 5 354 7 14 0 1000
1 356 8 632 2 854 9 78 7 673 3 588 4 69 0 616 6 182 5 120
6 28 4 385 9 163 1 268 2 736 3 867 7 490 0 259 8 722 5 584
9 324 4 335 1 679 5 689 2 429 0 690 6 712 8 960 7 14 3 795
6 820 7 683 0 193 1 113 2 328 8 648 5 118 3 135 4 193 9 303
3 564 6 692 7 305 9 617 1 780 4 86 2 405 0 811 5 711 8 42
2 567 7 199 8 232 3 10 0 399 5 383 1 4 9 747 6 68 4 598
7 982 0 26 5 889 9 933 4 143 1 355 6 154 2 887 3 907 8 982
2 53 4 282 5 750 0 574 6 958 8 147 3 181 9 815 7 683 1 636
7 169 9 180 5 86 0 692 3 869 8 714 6 969 2 387 4 889 1 900
9 939 3 880 1 96 8 147 0 416 2 450 5 484 7 714 4 168 6 415
8 898 5 220 6 638 4 212 3 767 9 842 7 424 0 282 1 209 2 293
9 326 7 961 1 866 5 572 8 379 4 404 2 839 3 235 0 417 6 520
9 656 0 616 3 329 5 522 4 752 7 515 8 303 2 644 6 955 1 81
4 380 9 460 2 367 8 701 0 838 7 2 6 267 3 204 5 474 1 923
4 517 8 99 3 218 1 95 5 520 9 439 7 465 2 955 6 850 0 657
1 786 5 979 8 235 3 556 7 137 6 984 4 329 2 140 9 457 0 962
8 521 7 117 3 613 5 970 1 208 6 997 9 618 4 511 2 127 0 255
5 33 7 91 0 669 1 845 9 659 2 376 6 38 3 825 4 885 8 197
7 825 1 968 0 914 2 815 5 672 9 620 3 920 4 606 6 288 8 372
3 282 8 765 0 80 9 250 1 941 2 645 6 55 7 344 5 895 4 863
5 214 1 360 3 913 4 228 9 796 6 543 2 933 8 947 7 808 0 5
3 970 9 773 8 433 4 972 0 516 1 65 6 786 2 995 7 873 5 951
1 729 9 822 5 670 7 787 8 198 0 531 6 824 4 289 2 969 3 155
3 359 5 191 9 700 8 499 7 37 1 291 0 816 2 118 6 108 4 393
9 323 3 201 6 173 0 489 5 94 8 682 1 260 4 628 7 461 2 382
7 345 5 681 0 240 9 630 6 234 1 792 2 559 8 317 3 459 4 601
4 874 5 568 3 904 2 578 0 838 9 387 6 585 1 964 7 659 8 828
2 228 3 121 6 738 7 318 1 601 4 212 5 828 9 13 8 406 0 20
9 310 5 288 8 587 3 982 4 857 7 608 6 744 2 278 0 253 1 283
8 50 5 531 4 438 7 573 2 156 0 140 6 910 3 397 1 330 9 11
9 122 1 711 2 625 6 428 5 825 8 819 4 723 3 249 7 863 0 905
9 174 4 302 6 960 7 670 2 204 1 644 3 311 5 976 0 237 8 980
9 206 4 899 6 952 7 713 5 288 1 109 0 561 8 898 3 18 2 380
2 948 5 867 6 673 9 114 3 271 7 536 0 29 1 18 4 982 8 189
8 322 3 98 6 456 4 933 1 255 5 996 2 895 7 813 0 391 9 203
4 661 0 635 8 853 1 302 3 849 9 232 5 853 6 796 7 105 2 488
3 150 4 421 8 594 9 794 5 819 6 601 2 771 7 912 0 41 1 935
7 359 9 805 1 266 2 980 6 664 0 917 3 839 4 190 8 489 5 566
5 293 8 547 1 668 0 505 6 775 9 643 2 395 7 413 3 889 4 239
1 466 9 424 3 84 8 732 7 496 5 435 0 141 6 768 4 111 2 81
5 833 2 160 3 473 8 67 1 219 4 147 6 626 0 467 9 357 7 55
9 917 1 51 4 29 0 374 6 951 2 866 8 990 5 452 3 879 7 578
3 280 0 656 9 631 6 745 5 178 2 813 1 884 8 641 4 292 7 555
9 688 5 902 4 321 7 383 6 409 2 580 0 289 1 980 3 803 8 603
9 516 2 636 0 128 4 496 1 826 5 95 8 424 7 241 3 744 6 494
4 723 3 788 8 878 6 501 1 755 5 844 2 203 0 419 7 279 9 538
2 249 3 231 1 810 7 332 4 430 0 824 5 139 9 716 8 703 6 929
6 365 5 272 8 49 0 648 1 406 2 905 9 642 4 586 7 196 3 322
3 305 1 5 5 291 7 415 0 22 9 992 4 388 6 863 2 140 8 259
5 600 7 368 2 843 3 223 0 346 8 894 4 82 6 161 9 778 1 983
0 898 8 528 9 893 1 462 3 310 6 904 7 162 4 337 5 607 2 603
6 663 5 626 1 307 3 332 0 634 8 175 4 693 9 287 7 221 2 510
0 376 1 256 5 152 9 768 2 284 8 214 6 794 7 576 3 708 4 396
6 626 7 985 5 246 3 756 4 231 2 129 9 481 1 160 0 544 8 102
5 293 1 7 2 702 7 724 9 60 3 40 0 45 6 352 8 583 4 917
3 377 6 315 1 435 8 375 2 254 0 582 4 914 5 906 7 687 9 607
8 797 3 645 7 392 1 262 9 743 2 481 4 663 0 62 6 629 5 83
9 757 1 531 6 914 8 168 0 507 7 972 2 95 5 524 3 703 4 237
8 23 1 567 0 62 3 853 4 945 2 772 6 523 7 342 9 311 5 574
7 398 9 950 6 851 4 698 5 16 3 833 1 57 0 260 8 250 2 25
5 575 6 687 8 957 1 499 3 928 7 76 0 884 4 927 2 329 9 741
2 77 0 652 8 667 1 63 7 207 9 621 5 375 6 210 4 966 3 756
7 615 8 239 9 289 6 274 3 25 1 61 4 101 5 864 0 167 2 95
7 722 9 780 0 417 8 837 5 563 1 404 4 349 2 846 6 67 3 624
8 172 1 391 2 11 6 439 5 21 3 466 4 424 9 545 7 119 0 342
4 433 2 452 1 216 5 855 9 446 8 934 7 587 6 506 0 523 3 381
3 846 2 24 7 60 0 286 5 401 1 108 6 628 9 712 4 506 8 170
7 462 9 476 0 198 2 677 4 84 5 692 6 202 1 909 3 845 8 901
1 472 7 660 0 56 5 378 4 588 3 540 9 687 6 246 8 822 2 919
8 184 6 117 4 434 9 417 7 813 0 576 1 515 2 758 3 491 5 84
5 590 2 764 0 151 8 622 9 402 4 468 1 84 7 245 3 78 6 939
9 138 1 683 8 715 4 775 3 120 2 457 6 264 7 985 5 570 0 423
8 349 6 750 5 525 2 165 9 215 7 128 3 95 4 768 0 761 1 775
6 732 0 660 3 572 9 104 8 324 1 195 7 485 5 920 2 624 4 847
4 981 5 616 3 3 6 282 2 566 9 444 8 957 1 959 7 600 0 497
0 617 7 220 2 412 3 203 4 129 6 527 5 568 9 280 1 96 8 106
1 113 3 389 7 709 4 620 0 551 8 683 9 879 6 389 5 562 2 909
4 756 5 470 7 866 0 816 9 380 3 123 6 36 8 735 1 282 2 414
6 912 2 882 4 722 7 234 0 991 3 899 5 85 1 712 8 242 9 550
8 906 5 417 2 206 9 706 0 440 3 616 7 268 4 327 6 894 1 155
7 357 0 446 2 379 1 70 5 394 3 823 6 305 8 924 9 993 4 292
1 91 6 252 3 875 8 408 4 760 7 148 0 363 5 394 2 672 9 516
2 345 3 628 8 43 7 969 5 701 6 699 4 137 9 716 0 607 1 42
3 564 8 630 1 122 7 271 9 521 2 603 0 993 4 242 6 478 5 785
1 201 3 742 0 461 7 331 8 887 5 741 9 558 4 166 6 243 2 404
3 99 7 327 2 697 6 288 0 517 4 382 8 272 9 795 1 917 5 980
8 564 3 135 6 468 5 557 1 630 9 486 4 75 0 193 2 603 7 603
6 311 4 605 3 889 8 793 1 556 5 136 9 334 7 87 0 562 2 805
2 379 5 476 6 101 8 549 3 14 4 572 1 430 9 702 0 453 7 223
5 967 6 435 1 390 7 994 8 796 2 137 4 4 9 285 0 981 3 740
5 163 4 368 6 504 2 572 1 556 8 771 3 483 9 631 0 533 7 400
5 775 2 924 6 488 1 847 4 408 3 81 8 99 9 294 7 521 0 58
1 31 4 483 0 900 2 151 6 962 9 503 8 759 3 112 5 216 7 753
9 514 2 143 8 502 4 844 0 397 5 563 6 479 1 414 3 471 7 660
1 279 0 582 9 400 5 472 8 61 3 376 6 8 4 161 2 813 7 601
3 1 6 200 4 483 9 178 0 391 5 354 8 84 7 867 2 505 1 805
7 126 0 925 2 615 6 968 1 656 5 499 8 554 3 501 4 468 9 486
6 667 4 475 5 9 0 508 1 483 2 4 3 742 9 501 7 706 8 775
1 104 4 961 3 364 7 371 9 612 6 257 8 229 5 778 2 496 0 720
5 813 4 805 0 835 2 558 6 375 7 313 1 309 3 26 9 363 8 558
6 201 7 520 0 539 1 48 4 872 9 502 8 227 2 972 5 815 3 615
3 882 5 89 1 464 2 107 0 805 4 888 7 222 6 611 9 186 8 737
9 337 2 836 1 513 5 379 3 282 6 704 7 455 4 480 8 73 0 611
3 516 4 387 7 154 6 608 2 437 1 159 9 166 8 425 5 852 0 493
6 965 3 69 8 187 7 569 2 448 1 689 4 215 0 586 9 813 5 678
7 945 4 156 2 853 5 42 8 920 1 396 3 751 0 270 9 826 6 599
4 703 9 315 3 82 5 303 6 289 1 274 2 283 7 675 8 639 0 15
6 18 2 938 5 91 7 457 8 329 1 940 9 270 3 769 4 272 0 501
2 142 0 692 7 966 6 679 3 198 9 158 5 182 4 939 8 623 1 461
0 37 2 891 8 580 5 487 3 175 7 855 1 468 9 969 4 361 6 906
4 209 1 798 5 65 7 784 6 453 9 712 0 977 8 598 2 452 3 493
3 19 6 830 8 452 7 705 4 294 2 598 5 657 1 556 0 111 9 708
5 549 9 256 1 43 7 352 4 644 2 690 6 984 8 286 3 254 0 722
5 364 9 846 0 774 4 944 1 485 7 210 3 871 2 789 8 735 6 92
5 671 7 315 8 28 4 305 6 147 9 202 1 5 2 645 0 441 3 257
0 31 6 60 5 949 1 533 8 433 9 418 4 131 7 544 3 450 2 145
3 795 6 113 8 935 4 741 0 811 9 699 7 490 2 493 5 790 1 261
6 902 0 191 8 138 2 399 4 55 1 72 5 208 9 67 7 6 3 712
6 660 8 311 5 242 4 14 2 396 1 814 3 698 7 893 9 285 0 93
2 239 5 674 7 344 6 217 1 239 8 945 0 172 3 298 9 700 4 443
3 973 0 452 9 827 2 774 7 931 8 323 4 143 6 585 1 397 5 784
3 310 4 435 2 276 8 948 7 908 0 831 9 372 6 71 5 251 1 725
5 293 8 550 9 732 7 56 2 312 3 471 0 799 1 103 6 197 4 674
3 815 8 403 5 601 0 830 7 745 1 364 2 564 6 868 9 650 4 472
9 88 2 244 7 472 3 297 4 662 1 651 0 265 5 34 6 755 8 990
9 304 7 582 0 664 1 677 5 950 6 429 8 855 4 94 3 828 2 331
6 145 5 189 7 631 1 870 3 828 0 886 9 397 2 373 8 162 4 799
9 475 1 344 6 357 5 12 7 505 4 656 2 662 8 296 3 197 0 651
9 485 7 740 3 28 6 627 5 882 8 680 4 895 0 525 1 458 2 788
3 642 5 249 2 125 9 401 0 280 6 155 1 380 8 736 7 242 4 692
0 465 3 374 2 270 8 125 4 102 7 12 9 492 1 42 5 711 6 519
7 892 5 959 2 308 8 632 0 875 9 506 1 742 4 250 3 325 6 916
0 171 5 154 4 580 1 77 6 101 2 776 7 350 9 435 3 492 8 690
9 693 0 759 5 836 7 567 2 447 1 20 3 89 4 927 6 790 8 460
6 431 1 548 0 50 8 257 4 846 2 452 3 50 9 413 5 674 7 302
2 506 0 983 5 24 8 879 3 943 1 43 9 157 4 216 7 45 6 68
0 481 6 350 5 409 3 208 8 408 1 709 4 162 7 944 9 953 2 362
4 282 0 947 8 904 5 620 6 283 3 870 9 246 1 685 2 509 7 786
4 976 7 635 5 588 2 849 6 141 8 925 9 966 0 334 1 320 3 180
7 633 8 137 0 662 9 41 5 611 3 524 6 985 4 973 1 804 2 6
0 947 5 712 9 109 1 193 8 375 6 41 2 772 3 345 4 569 7 239
0 335 2 75 4 213 1 914 5 958 9 279 3 100 7 713 6 461 8 476
1 404 4 897 0 7 6 7 8 359 5 894 9 822 3 632 7 267 2 265
4 807 5 689 6 834 3 870 1 155 0 899 7 519 2 305 8 943 9 230
8 777 3 877 9 53 6 381 4 821 2 888 0 323 5 540 7 587 1 558
6 17 3 840 2 459 7 193 8 49 4 881 9 208 5 482 1 23 0 254
3 538 2 734 7 272 5 197 1 578 9 512 6 767 8 597 4 302 0 847
2 577 3 586 5 740 6 924 4 922 1 692 8 347 0 42 9 913 7 397
6 573 0 218 1 990 7 693 4 82 8 817 9 820 3 28 2 86 5 705
9 66 1 91 2 841 5 337 0 499 6 151 4 239 8 978 7 885 3 923
2 534 3 151 7 879 0 240 5 133 4 375 6 619 1 516 8 429 9 595
3 323 8 549 0 975 9 622 1 407 5 920 6 556 4 254 2 85 7 699
2 556 9 166 3 442 5 59 4 398 1 181 6 492 0 978 8 846 7 47
3 530 2 696 6 244 4 797 5 563 7 613 8 537 9 411 1 971 0 657
9 805 5 119 3 908 0 256 1 716 6 369 4 777 7 981 2 327 8 803
2 358 7 10 9 774 5 566 6 427 0 937 1 563 4 470 8 271 3 123
4 346 6 995 8 625 3 874 5 284 1 966 7 26 9 748 0 251 2 652
3 487 0 719 7 144 6 850 5 642 4 115 9 392 1 581 2 103 8 361
7 365 2 156 3 652 5 534 8 264 4 117 6 762 1 491 9 492 0 632
2 153 9 653 8 663 7 84 4 72 1 772 5 42 6 772 0 473 3 562
0 951 9 182 1 586 4 177 7 665 3 152 5 216 2 961 6 511 8 583
5 398 7 622 0 923 1 405 2 852 4 186 8 911 9 494 3 635 6 236
3 591 7 935 5 244 8 516 1 297 2 212 9 152 6 161 4 505 0 709
3 826 8 482 5 9 0 724 4 625 2 125 7 150 6 381 1 34 9 687
2 982 8 650 0 218 3 585 4 773 7 434 1 504 9 123 5 766 6 646
3 865 9 847 7 198 8 752 2 797 1 253 0 381 4 584 5 839 6 119
8 22 3 84 1 195 6 880 2 950 0 403 7 87 9 509 5 409 4 366
9 380 2 368 5 655 4 275 6 766 1 645 0 294 3 392 7 470 8 708
2 313 9 192 3 321 8 754 1 286 5 253 7 537 4 931 6 758 0 315
4 489 9 376 2 469 5 805 0 878 1 80 6 385 3 782 7 233 8 879
6 959 5 765 0 769 2 472 3 401 7 454 4 302 1 808 9 419 8 897
1 96 2 361 9 69 6 90 4 774 3 959 0 395 5 108 7 434 8 795
0 800 9 458 6 81 5 201 1 410 8 348 7 169 2 104 4 974 3 658
1 659 9 861 7 156 5 808 0 959 8 564 6 61 2 726 3 415 4 325
3 113 5 387 7 452 2 127 0 877 8 70 9 284 4 275 1 945 6 200
0 926 1 64 2 320 8 377 7 444 4 838 5 904 3 645 9 750 6 857
1 514 3 963 5 32 0 20 6 531 8 314 9 953 2 199 4 241 7 408
6 964 9 639 1 889 3 545 0 236 2 65 4 133 7 808 5 137 8 323
1 772 6 53 7 111 0 502 5 737 4 131 9 189 2 179 8 533 3 397
4 595 7 489 9 807 2 236 5 148 3 688 0 946 1 519 8 75 6 262
8 88 6 872 7 634 0 700 1 762 9 647 5 638 4 308 3 113 2 109
7 430 4 825 8 335 2 447 6 42 9 562 0 583 5 157 3 705 1 940
4 251 7 486 0 698 1 355 8 315 2 506 5 924 6 117 3 179 9 820
2 873 8 436 3 198 7 905 0 933 1 54 5 447 9 921 6 237 4 755
0 990 4 633 7 210 5 954 9 519 3 107 6 460 2 759 1 558 8 123
8 195 9 237 3 55 7 158 4 17 5 500 6 474 2 273 0 188 1 367
9 451 6 499 1 87 3 342 8 167 7 936 0 96 2 187 4 771 5 468
0 892 9 378 4 431 1 120 5 263 7 97 6 200 8 99 2 560 3 386
3 739 4 208 8 144 6 978 7 52 2 960 1 947 0 231 9 494 5 532
4 575 5 162 2 974 1 618 8 25 3 878 0 968 6 169 7 904 9 173
5 163 1 266 3 513 2 350 9 648 8 157 7 217 6 564 0 533 4 957
0 449 6 990 1 873 5 433 8 643 2 342 4 64 7 912 9 355 3 729
0 61 5 568 6 817 2 74 7 487 3 107 1 667 9 587 8 212 4 103
4 640 1 985 3 43 2 729 0 807 9 354 5 382 8 725 7 181 6 454
1 492 8 860 4 101 0 247 9 828 3 298 2 793 7 967 6 149 5 202
8 695 5 341 9 875 7 249 6 488 3 139 2 67 0 156 1 402 4 142
4 352 3 207 5 428 9 59 6 774 7 876 2 969 8 963 0 332 1 651
8 750 7 75 9 455 0 76 1 638 6 842 4 241 3 358 5 262 2 751
6 664 5 291 3 74 4 559 7 850 9 906 2 429 0 632 1 86 8 264
7 840 9 941 3 414 2 269 4 842 1 511 0 930 5 647 6 597 8 436
5 174 6 845 0 617 9 286 4 587 2 985 1 10 8 554 7 498 3 746
0 677 7 244 6 132 2 597 5 168 8 92 3 928 4 496 1 406 9 447
7 276 9 532 5 42 6 580 4 268 3 604 8 643 1 728 0 281 2 246
6 238 5 585 4 616 8 68 0 306 2 260 7 451 1 543 9 164 3 948
3 37 8 346 2 658 0 832 1 703 9 302 6 629 5 503 4 424 7 751
6 623 0 866 1 649 9 266 5 396 3 70 2 478 4 297 7 270 8 36
7 880 6 325 1 632 5 991 3 799 4 159 8 804 9 538 0 637 2 35
5 792 6 563 0 326 3 25 4 554 8 568 9 771 1 673 2 740 7 708
9 46 2 18 5 276 7 886 8 928 1 936 4 90 3 951 0 334 6 296
3 924 7 366 6 978 8 849 1 719 9 1 0 142 2 600 4 267 5 962
3 859 7 79 1 929 4 820 8 343 2 228 6 761 9 448 0 837 5 210
3 163 5 392 4 103 7 686 1 271 8 863 0 782 9 216 6 1 2 548
0 890 8 836 2 820 4 833 9 981 5 388 6 799 7 84 3 665 1 652
8 676 6 729 1 722 0 945 2 941 5 554 9 214 3 567 7 634 4 732
8 585 4 317 2 277 6 463 1 430 3 591 7 815 9 314 0 919 5 664
9 115 1 656 8 405 6 426 0 736 4 563 7 643 3 804 2 404 5 539
9 221 0 854 4 211 1 739 2 606 5 452 7 895 3 545 8 631 6 69
4 97 1 312 9 731 3 735 8 134 7 596 5 695 6 528 0 494 2 321
2 279 9 963 3 725 0 135 4 739 7 454 8 612 6 342 1 545 5 60
6 322 1 987 2 197 0 67 8 579 4 468 5 971 3 660 9 267 7 454
0 484 9 835 6 844 4 8 8 150 7 258 3 322 5 59 1 238 2 174
2 248 8 392 7 442 3 93 5 156 0 582 1 329 9 411 6 925 4 303
3 923 9 480 1 93 7 974 8 429 2 127 4 65 0 904 5 28 6 741
3 205 5 156 6 475 4 756 7 116 9 191 8 944 0 108 2 773 1 976
1 344 2 813 4 306 0 221 6 835 5 651 9 498 8 201 7 402 3 982
5 390 9 899 0 717 6 620 4 489 8 419 7 993 1 574 3 528 2 947
1 238 4 620 2 657 8 191 9 743 0 718 3 607 5 171 7 499 6 696
6 611 4 984 3 64 9 752 7 407 0 835 2 159 8 807 1 109 5 866
8 962 4 210 6 988 2 436 9 810 7 341 0 986 5 51 1 38 3 811
8 533 6 816 2 413 4 755 1 411 7 852 3 420 5 82 9 473 0 439
2 307 4 338 3 352 7 343 5 162 8 564 1 124 6 6 9 498 0 239
7 295 4 519 2 830 6 124 9 891 5 23 1 231 3 957 0 700 8 53
5 311 9 986 7 555 8 925 1 53 2 272 4 407 6 847 0 207 3 663
7 405 3 662 6 838 0 662 1 145 9 832 8 795 5 69 4 989 2 921
7 759 2 750 5 302 8 916 9 448 1 976 4 190 0 775 3 800 6 722
0 131 8 154 4 728 7 897 3 839 1 924 2 345 9 526 5 553 6 490
3 867 8 863 5 288 0 965 2 694 6 256 9 8 7 879 4 606 1 606
5 69 1 777 7 860 6 936 4 116 9 116 0 583 3 570 2 881 8 618
6 905 1 495 7 19 8 464 4 285 5 314 3 388 9 51 0 175 2 145
3 869 8 475 9 692 4 303 2 614 6 657 5 240 0 181 7 818 1 120
9 967 1 644 4 481 3 563 5 363 8 233 0 55 7 699 6 708 2 389
2 353 9 107 5 837 8 448 7 192 1 58 3 547 0 746 4 679 6 644
8 721 7 901 2 23 3 278 1 54 9 730 0 961 4 4 5 160 6 551
7 883 5 360 2 874 0 322 1 812 3 945 4 385 6 429 8 113 9 294
5 420 3 590 7 890 0 789 9 626 4 737 2 47 8 165 1 997 6 156
7 323 8 20 2 604 9 719 3 659 6 734 1 110 5 62 0 296 4 995
4 482 2 44 3 375 5 91 0 156 6 629 8 242 9 408 7 194 1 561
0 672 5 832 7 596 2 184 4 807 1 758 3 762 6 190 9 666 8 836
2 559 5 877 1 621 0 927 4 619 7 921 8 469 3 847 9 535 6 244
4 493 0 610 2 594 8 879 9 187 1 876 6 816 7 977 5 353 3 252
3 425 9 143 8 335 0 6 4 920 7 216 1 421 6 512 5 850 2 500
1 702 5 788 4 222 6 73 3 785 8 481 7 724 9 377 0 833 2 230
2 286 3 659 0 516 4 965 9 555 7 556 6 865 5 647 8 450 1 650
3 202 5 321 2 756 8 213 1 993 9 99 6 162 4 722 0 999 7 777
8 613 1 909 7 824 3 968 4 405 9 507 5 402 2 206 0 497 6 178
0 779 9 70 1 925 3 749 2 530 6 783 5 626 7 239 4 398 8 105
5 151 8 355 7 932 2 3 9 21 6 110 4 324 0 243 3 536 1 258
6 674 3 683 2 473 4 687 7 162 5 532 8 856 0 808 1 204 9 850
0 431 6 160 8 808 9 676 1 978 3 487 2 307 5 870 7 331 4 429
5 7 8 381 1 74 0 537 9 928 2 366 7 497 3 886 6 99 4 419
9 333 7 579 8 617 0 91 6 664 3 981 2 513 1 125 5 996 4 220
5 444 8 545 0 826 7 15 6 866 1 307 2 552 9 660 4 922 3 317
8 569 4 96 6 206 1 919 9 255 2 959 5 741 0 214 7 443 3 289
8 42 5 398 2 101 9 818 3 361 6 205 0 559 7 107 1 818 4 582
7 955 0 130 3 630 5 206 2 157 9 187 6 414 4 415 1 876 8 993
1 507 6 231 7 898 8 998 0 937 2 100 4 626 3 698 5 36 9 758
8 49 2 667 0 36 3 433 4 53 6 994 9 381 7 693 1 250 5 518
7 167 5 868 9 195 1 623 3 573 4 759 8 518 2 120 6 121 0 397
3 384 9 202 8 124 7 625 4 40 6 394 1 538 2 895 0 800 5 830
2 956 6 548 7 173 5 617 9 343 0 71 4 711 3 728 1 770 8 919
8 388 3 312 9 150 2 322 1 280 0 991 4 614 5 878 7 823 6 883
8 405 3 640 0 738 4 882 1 798 2 584 7 808 5 56 9 399 6 861
9 884 8 215 7 383 3 26 4 12 1 790 0 54 2 996 5 738 6 288
2 340 8 383 4 163 9 23 7 129 5 492 1 228 6 197 3 172 0 337
7 741 0 143 4 23 6 29 2 502 9 462 3 983 5 830 8 69 1 740
6 26 1 569 2 770 9 456 7 329 8 165 3 562 4 501 5 373 0 309
4 695 5 189 1 702 6 216 3 601 7 941 2 454 0 279 9 565 8 782
1 347 5 866 0 979 6 928 7 276 8 503 3 214 4 914 2 179 9 152
0 477 4 130 9 497 2 320 8 214 1 197 5 463 3 786 6 834 7 980
6 208 3 701 9 292 2 484 7 428 0 832 5 771 1 776 4 247 8 958
7 702 1 829 5 257 9 734 2 759 4 218 6 478 3 314 8 904 0 714
4 677 7 706 9 18 1 247 0 862 6 589 3 277 8 172 5 341 2 75
6 986 3 695 2 867 0 185 9 972 4 137 1 947 5 385 7 68 8 739
1 538 8 222 7 132 0 968 2 839 4 545 3 291 9 305 6 595 5 507
4 863 1 505 9 418 5 120 2 961 7 493 8 583 3 108 6 906 0 7
3 670 0 429 8 956 4 800 6 658 7 436 9 979 1 903 5 703 2 97
2 586 6 779 1 266 7 506 3 729 5 432 9 924 0 527 8 332 4 353
3 189 6 925 5 400 7 883 1 317 8 590 2 398 0 354 4 382 9 146
4 994 6 603 1 910 0 804 3 445 2 668 9 73 5 210 8 254 7 947
0 867 5 162 3 679 8 778 9 922 2 870 7 331 1 572 6 354 4 916
2 502 0 783 4 594 8 741 5 853 7 70 1 707 3 832 9 237 6 729
9 425 4 250 1 407 5 675 2 218 8 371 6 624 3 704 0 804 7 376
3 375 4 257 2 963 5 153 7 504 0 606 9 888 1 463 8 126 6 6
3 837 9 828 7 29 0 78 8 876 1 790 5 996 4 52 6 8 2 265
2 609 5 678 1 155 3 544 8 551 4 532 7 190 9 576 6 75 0 607
8 175 5 553 6 580 4 36 2 285 1 138 9 217 0 537 3 119 7 168
8 796 5 283 7 578 0 299 1 500 6 786 2 841 4 149 9 696 3 617
9 287 1 239 3 447 6 749 4 568 5 305 8 421 0 410 7 173 2 622
6 808 5 965 4 166 2 834 8 417 7 65 3 218 9 697 1 141 0 769
5 458 2 94 6 763 3 431 7 204 4 556 1 800 8 407 9 828 0 868
1 206 5 859 6 628 8 524 7 699 4 715 2 35 3 216 9 150 0 168
5 692 8 456 7 924 9 310 6 93 3 406 1 585 0 388 4 888 2 898
2 82 7 9 6 951 0 524 8 246 5 469 1 480 4 181 3 645 9 937
6 544 9 178 3 473 4 620 7 924 1 926 8 657 2 242 5 378 0 722
8 733 9 195 5 958 0 148 6 539 2 910 7 937 3 610 4 711 1 688
9 483 3 41 0 714 6 157 2 849 4 62 1 538 8 58 5 794 7 792
0 415 8 20 1 235 5 616 4 21 9 360 7 122 3 103 6 869 2 568
6 80 4 354 7 374 2 487 3 848 1 164 5 105 9 601 0 380 8 489
8 314 3 626 7 654 1 546 9 290 4 362 0 604 6 609 2 209 5 105
2 301 5 202 6 769 9 276 0 48 1 341 7 854 3 964 8 715 4 28
0 274 3 568 5 585 6 101 9 773 4 711 2 557 7 213 1 353 8 964
6 387 3 127 4 227 1 102 7 310 0 848 2 494 9 218 5 148 8 568
0 601 3 567 1 29 9 872 5 265 2 942 8 978 4 178 7 337 6 668
0 755 7 249 6 405 2 126 4 721 1 158 8 679 3 376 5 778 9 228
4 280 5 170 3 194 7 593 8 560 9 423 1 423 0 17 2 665 6 51
0 285 7 16 6 469 2 560 9 695 5 884 1 273 4 869 8 367 3 629
3 689 5 524 2 741 7 786 4 330 0 734 9 92 1 369 6 622 8 462
0 794 8 91 2 50 6 62 9 246 7 554 5 724 1 458 3 579 4 503
8 48 0 519 1 539 3 692 6 802 4 495 5 535 9 747 7 269 2 597
6 26 3 137 8 106 7 39 5 166 4 483 0 661 1 261 2 670 9 995
5 737 6 156 7 562 2 679 0 291 9 503 4 729 8 854 3 915 1 986
8 145 5 784 1 479 9 420 7 578 4 233 3 555 2 754 6 88 0 25
4 651 0 490 6 103 9 547 3 905 7 762 2 337 1 640 8 433 5 653
6 43 1 279 9 345 2 519 7 358 0 404 5 366 4 166 8 576 3 114
4 914 3 797 0 739 2 614 9 802 7 813 8 814 5 946 6 444 1 914
9 703 4 74 3 157 5 424 2 450 6 478 0 584 1 873 7 507 8 804
3 219 4 884 1 103 2 826 8 692 5 490 9 592 6 141 0 929 7 88
8 248 7 585 2 628 1 461 5 637 9 286 4 597 6 991 3 43 0 587
4 305 3 822 2 991 1 609 0 473 9 820 8 911 5 703 7 917 6 831
3 631 5 605 4 111 8 701 1 574 7 999 2 573 0 531 9 311 6 424
3 558 0 610 1 35 8 736 6 773 2 22 5 772 9 612 7 523 4 420
9 317 3 89 0 791 4 376 1 765 5 452 6 249 8 648 2 410 7 864
5 956 9 33 0 730 3 869 1 641 6 268 8 92 4 370 7 384 2 492
8 317 0 184 2 330 1 934 9 503 7 850 6 722 5 717 4 244 3 924
2 457 0 178 9 744 1 231 6 945 5 989 4 996 3 734 8 25 7 898
4 831 3 72 6 415 1 818 0 583 8 194 9 997 2 557 7 533 5 784
4 666 1 289 3 646 0 240 2 952 7 682 8 982 6 132 9 469 5 790
4 24 2 786 3 171 8 115 9 336 1 265 5 171 6 176 7 537 0 818
5 855 6 717 9 178 3 425 8 220 1 431 2 83 4 966 0 806 7 332
7 373 4 876 2 485 9 103 6 360 3 694 0 518 8 297 1 486 5 289
4 437 6 693 9 228 1 554 3 341 5 109 0 617 8 20 7 362 2 814
4 455 5 685 2 413 3 197 9 935 8 63 7 887 6 500 1 401 0 966
0 49 1 478 6 816 2 859 5 360 4 210 8 156 3 468 9 598 7 503
9 745 0 29 7 259 8 605 1 581 5 351 6 211 3 691 2 631 4 939
2 192 5 475 9 667 4 324 6 648 7 6 8 706 0 502 1 122 3 709
1 686 3 127 0 242 4 381 9 843 8 464 6 788 2 918 7 904 5 703
2 437 4 968 8 373 6 869 3 468 9 411 1 855 7 599 0 768 5 465
7 231 5 323 0 819 4 538 3 648 8 993 6 788 2 196 9 591 1 195
4 931 8 877 7 109 5 571 2 805 3 959 1 320 0 743 9 623 6 22
1 568 5 707 7 991 4 129 0 613 3 668 8 589 9 994 2 981 6 900
0 929 3 316 6 243 1 207 2 319 8 624 5 91 4 201 9 125 7 676
7 122 9 674 6 621 0 401 8 499 2 575 4 181 5 271 3 204 1 845
6 868 0 607 9 527 4 940 3 263 8 236 2 804 5 71 1 290 7 975
8 604 6 836 7 50 2 878 3 272 4 964 1 358 0 153 9 344 5 736
6 566 2 985 5 767 8 805 1 908 9 44 0 676 3 582 4 479 7 593
9 339 3 718 0 255 7 180 4 650 2 374 5 10 8 199 1 32 6 617
5 5 8 374 7 359 9 761 2 630 4 973 1 138 6 613 3 374 0 576
5 626 1 818 7 852 3 902 8 179 0 915 2 405 6 443 4 667 9 310
1 471 3 25 9 346 5 716 2 900 8 451 7 460 4 477 0 501 6 589
8 948 3 574 7 156 2 587 1 131 6 624 5 755 4 540 0 190 9 374
7 274 2 330 8 493 1 11 6 187 3 657 0 584 5 437 4 779 9 850
6 220 0 906 7 745 4 556 8 403 3 29 1 32 5 381 2 410 9 277
6 713 5 330 0 371 7 35 1 890 8 993 9 739 4 917 2 371 3 943
3 662 2 876 9 535 6 627 1 838 8 662 5 759 0 261 7 571 4 849
7 426 4 109 3 716 8 437 2 753 1 716 5 52 0 597 6 854 9 241
7 895 3 402 0 933 9 258 5 363 1 971 6 11 4 356 2 956 8 164
3 547 0 426 4 800 1 546 7 400 8 502 2 913 9 825 6 156 5 95
0 496 1 779 4 630 5 703 9 263 6 845 8 10 2 231 3 199 7 423
8 483 6 337 1 376 2 679 0 796 4 770 3 887 5 667 9 900 7 378
3 657 0 489 2 87 9 121 8 542 5 181 7 657 1 352 6 409 4 927
8 909 5 81 7 452 3 741 9 236 1 796 6 432 2 516 0 897 4 16
4 609 9 47 5 73 6 690 8 128 7 698 2 897 3 44 1 779 0 518
0 263 6 685 5 247 3 608 1 362 4 785 9 454 8 768 7 462 2 781
0 451 1 331 8 567 9 241 5 505 7 526 4 287 2 346 3 52 6 32
3 258 2 579 6 119 9 282 0 150 5 631 8 28 4 349 7 209 1 782
1 67 6 336 4 771 0 458 2 570 3 477 7 98 9 972 8 274 5 247
2 147 6 232 0 642 4 722 5 966 9 2 1 740 8 567 3 403 7 739
0 822 6 475 4 657 7 252 5 403 3 571 2 646 8 509 9 392 1 741
4 648 1 35 3 891 5 782 2 865 9 364 7 389 0 436 6 777 8 184
0 472 4 47 6 133 3 102 5 195 1 249 7 438 2 887 9 978 8 846
6 365 4 436 8 690 1 970 2 266 7 583 5 531 0 278 9 195 3 264
5 199 0 447 3 97 7 663 2 775 1 355 9 279 6 128 8 412 4 824
5 412 0 968 8 250 9 331 3 767 1 2 6 889 2 730 4 34 7 503
7 349 9 831 6 376 5 560 1 110 2 729 8 632 3 25 4 530 0 472
6 219 8 347 3 653 2 709 7 754 0 958 4 259 5 164 9 616 1 834
8 884 0 95 1 766 9 176 5 782 3 24 6 566 2 322 4 521 7 978
9 352 4 299 1 35 6 772 7 1000 2 900 0 291 8 84 5 264 3 500
0 35 8 988 1 833 6 275 9 31 4 452 2 997 7 356 5 363 3 196
5 224 3 845 2 369 9 283 7 53 4 180 6 966 1 713 8 677 0 456
2 590 7 589 9 58 4 992 1 374 6 108 3 313 5 564 8 344 0 919
3 94 6 494 9 732 5 231 4 137 2 228 1 145 7 136 0 103 8 318
0 931 7 15 2 12 4 294 9 398 5 849 3 787 1 760 8 584 6 218
8 968 4 296 7 421 0 735 5 556 9 115 6 788 2 320 3 488 1 43
5 575 0 141 9 573 2 666 7 560 1 716 8 872 6 874 3 150 4 117
9 539 6 350 0 47 1 778 3 326 7 129 8 15 5 302 4 949 2 729
7 327 1 40 0 763 5 23 6 521 2 132 3 836 4 454 8 552 9 446
7 536 0 174 3 156 9 908 8 779 1 876 6 786 2 128 5 81 4 832
5 987 3 854 4 119 9 386 6 923 7 152 8 540 0 545 2 593 1 652
3 119 4 634 2 111 8 118 5 258 9 337 7 23 6 303 0 788 1 39
2 253 7 986 1 133 5 617 6 604 3 831 8 202 4 88 9 552 0 990
7 160 0 530 1 499 6 329 5 125 4 357 2 83 9 318 3 162 8 571
2 320 9 712 8 269 1 959 3 27 0 233 4 402 5 402 7 714 6 542
2 841 9 361 4 457 3 327 1 772 6 231 0 490 8 697 7 127 5 147
0 501 7 498 3 82 2 350 6 722 5 193 9 778 1 347 4 851 8 575
8 131 6 979 7 591 1 758 5 418 3 532 2 817 0 956 9 230 4 877
8 503 9 587 3 359 0 736 6 470 5 169 1 63 2 861 4 155 7 655
8 302 3 319 4 845 9 857 2 353 7 638 0 390 6 241 5 914 1 496
1 431 6 679 4 346 0 164 3 499 7 793 9 595 5 709 8 388 2 299
4 131 5 255 1 122 3 412 2 466 6 553 8 898 7 645 0 188 9 71
8 595 5 190 9 714 3 66 0 444 4 182 1 339 7 534 2 880 6 918
8 465 6 873 1 404 7 675 3 790 0 539 2 335 5 127 9 884 4 838
9 264 4 211 3 267 0 395 7 318 6 187 5 286 2 878 1 536 8 550
5 551 6 344 0 869 9 336 2 481 8 871 7 965 1 558 3 540 4 668
5 463 4 845 6 858 1 336 2 756 3 863 8 760 9 244 0 192 7 195
8 145 3 963 7 857 2 415 4 820 9 14 5 119 0 133 1 958 6 621
6 996 2 736 9 466 4 941 7 869 3 338 1 613 5 58 0 6 8 363
7 6 8 194 5 740 9 968 1 458 0 851 2 388 3 373 4 526 6 186
9 521 2 512 4 341 3 513 5 483 6 620 7 90 0 260 8 754 1 478
3 607 2 625 0 193 9 744 5 355 4 585 1 960 6 472 7 899 8 967
7 586 1 644 2 183 4 116 5 502 0 740 8 925 6 13 9 448 3 419
3 979 9 530 7 551 8 60 6 893 5 707 1 962 2 677 4 471 0 57
8 643 3 370 9 549 0 910 5 637 6 593 2 190 1 202 4 386 7 382
8 886 9 59 2 309 4 971 3 882 6 304 0 607 1 973 7 967 5 266
6 381 2 797 1 51 4 31 3 846 7 385 9 525 0 877 8 442 5 503
5 593 4 480 1 581 6 717 8 99 2 848 9 451 0 392 3 221 7 961
3 142 5 936 9 404 2 784 1 307 8 772 4 924 7 135 6 331 0 775
0 363 6 390 5 621 9 470 8 491 3 303 1 240 4 124 7 841 2 635
1 807 6 189 8 267 9 789 4 461 3 35 0 567 5 131 2 791 7 768
2 966 3 677 6 265 4 113 0 591 8 276 7 88 5 211 1 24 9 736
8 455 2 702 7 735 4 565 6 302 1 354 3 694 0 35 9 756 5 905
5 749 0 9 3 125 9 651 7 65 8 718 4 422 2 296 6 955 1 27
5 645 7 398 8 692 2 208 6 398 0 951 1 988 4 26 9 224 3 53
8 290 5 597 9 455 2 989 0 581 1 60 6 898 4 294 3 304 7 914
4 996 2 132 3 612 9 836 8 384 5 46 0 896 7 541 6 597 1 472
9 980 1 133 8 81 3 597 7 883 5 271 0 610 6 404 2 743 4 158
5 479 6 798 9 614 4 139 8 734 2 170 7 249 3 13 1 182 0 421
3 814 0 262 9 172 2 561 4 603 6 710 1 932 7 369 5 611 8 871
4 637 0 558 8 726 7 708 9 823 5 545 6 432 3 910 1 192 2 902
2 563 4 340 8 297 6 25 1 728 9 254 7 368 3 247 5 401 0 974
7 879 6 468 9 578 5 492 8 153 0 292 3 726 4 141 2 245 1 360
9 374 4 175 8 19 1 776 0 92 3 100 6 627 2 95 7 694 5 200
8 117 9 535 5 382 6 568 0 379 4 546 7 397 1 841 3 130 2 610
3 936 6 530 9 624 8 110 4 891 5 696 0 63 2 369 7 97 1 724
8 527 6 296 1 190 5 962 4 762 2 640 7 236 3 217 0 689 9 506
3 921 6 954 2 68 7 404 5 242 9 14 4 39 0 117 8 440 1 273
3 784 9 725 2 769 6 213 1 516 5 799 0 114 4 981 8 329 7 572
6 192 3 167 8 398 5 548 2 950 4 508 0 591 7 339 9 560 1 439
1 149 4 655 7 965 3 375 8 186 5 546 0 476 2 747 6 994 9 776
6 374 5 961 2 605 9 645 8 73 1 980 4 385 0 964 7 524 3 784
3 44 5 392 1 350 9 226 0 63 2 921 8 754 6 136 7 325 4 870
4 589 3 650 1 219 7 929 8 951 5 420 6 627 0 475 2 583 9 626
6 56 2 804 3 289 4 687 5 766 1 295 8 67 0 609 7 345 9 360
1 510 3 204 5 475 7 387 4 600 0 545 8 748 6 346 9 990 2 43
7 529 0 347 2 558 5 399 3 575 1 356 9 330 6 221 4 297 8 148
8 513 0 311 2 198 3 847 6 759 9 788 5 870 1 141 4 573 7 962
4 666 5 255 3 940 2 262 1 779 0 415 9 90 6 169 7 906 8 876
7 575 1 81 3 111 0 319 9 609 4 8 6 318 5 85 8 739 2 454
7 651 3 536 9 644 4 558 6 158 0 596 2 460 8 231 5 73 1 428
8 409 5 521 7 983 3 414 2 776 6 602 9 383 0 610 4 136 1 492
2 165 1 218 5 471 3 973 6 642 0 254 7 328 8 651 4 26 9 543
1 756 4 826 0 3 8 845 9 413 5 219 6 437 7 328 3 98 2 658
6 61 5 903 4 20 3 148 9 819 2 617 7 512 1 987 8 700 0 230
4 525 3 296 5 42 0 680 9 909 8 252 1 38 2 27 6 728 7 59
7 312 5 318 8 3 9 509 0 613 1 414 3 456 4 770 6 240 2 310
2 487 9 730 1 827 8 348 5 778 4 342 3 996 0 331 6 311 7 6
3 269 4 192 5 198 2 512 8 755 7 843 9 338 0 330 1 552 6 292
9 573 3 268 2 948 1 367 5 83 0 285 8 183 7 22 6 817 4 712
6 617 3 354 1 214 4 562 9 690 8 358 7 975 2 843 0 565 5 400
6 801 4 287 0 287 5 188 2 719 8 368 7 918 9 454 3 980 1 66
2 68 4 788 6 194 9 707 5 195 3 870 1 497 0 332 7 274 8 699
4 603 3 848 5 749 7 297 1 444 9 224 8 676 2 872 6 438 0 504
3 466 4 516 9 43 2 498 0 453 7 590 6 940 1 789 8 509 5 702
4 110 0 809 5 413 2 590 6 364 7 426 3 167 8 782 1 359 9 87
6 748 0 295 5 355 1 862 8 185 3 622 4 35 7 205 2 677 9 368
4 189 8 735 0 119 6 132 9 495 2 98 1 612 5 370 3 641 7 593
8 374 4 246 0 340 5 299 6 792 9 896 2 192 3 919 1 829 7 555
5 315 6 801 8 361 3 88 0 525 2 942 1 103 7 774 4 145 9 600
9 634 4 680 1 310 0 398 7 679 5 620 3 644 6 819 2 711 8 323
8 417 1 714 3 875 0 90 4 531 9 507 2 360 5 148 6 128 7 372
5 250 1 553 9 905 4 111 8 484 0 960 6 117 3 516 7 597 2 980
3 665 9 731 2 294 4 494 8 30 1 96 0 936 6 111 7 731 5 363
9 147 3 255 4 657 6 674 0 610 7 511 1 918 8 102 5 570 2 703
7 464 9 623 2 72 4 469 6 659 1 493 3 346 8 220 0 214 5 700
3 381 4 341 9 568 7 715 5 486 0 628 1 496 6 617 8 925 2 641
5 674 8 4 6 836 2 817 9 893 1 863 7 813 4 528 3 889 0 567
5 289 0 78 2 718 4 843 6 789 1 251 7 175 8 358 9 278 3 984
5 557 7 731 8 765 6 188 0 553 2 659 1 22 3 879 9 225 4 893
8 18 6 30 0 452 3 587 5 725 7 660 9 409 4 532 1 698 2 322
4 552 5 932 8 650 0 195 7 668 2 517 1 451 3 30 9 800 6 111
3 245 6 80 8 639 2 867 5 104 7 429 1 64 9 200 0 633 4 251
1 190 7 992 0 955 2 899 9 85 5 259 4 810 3 133 8 168 6 238
2 427 8 248 6 544 3 983 5 600 0 755 4 879 7 559 9 128 1 562
6 299 0 364 8 26 7 576 9 269 2 2 5 401 3 333 4 921 1 382
6 259 3 92 5 168 0 279 7 828 8 292 4 554 1 57 2 872 9 49
5 239 2 415 0 670 8 262 6 572 3 388 9 720 4 713 7 875 1 78
1 574 0 556 8 130 5 704 4 978 7 67 6 430 9 259 2 566 3 943
2 361 5 704 4 778 9 846 1 318 7 660 6 361 8 620 0 893 3 473
7 547 1 50 0 58 8 173 6 438 5 129 4 368 3 472 2 93 9 883
5 499 9 871 7 227 2 567 1 115 4 456 6 800 0 943 8 532 3 354
8 50 3 527 6 467 0 331 4 655 5 484 7 75 9 117 1 367 2 271
1 476 0 574 3 710 9 237 6 77 8 794 4 151 7 276 2 801 5 671
8 556 6 124 9 285 0 557 2 817 5 895 7 305 4 384 3 233 1 575
6 21 4 779 1 89 8 234 3 363 0 523 5 304 7 852 2 682 9 685
7 808 5 186 6 987 9 869 3 182 2 854 0 900 4 348 1 452 8 12
4 562 5 165 3 832 7 880 9 243 8 620 1 270 6 881 2 889 0 347
2 169 5 502 4 499 1 507 7 142 0 36 3 613 8 651 9 49 6 505
2 464 1 1000 0 969 5 96 7 117 6 498 3 702 8 473 4 506 9 358
5 731 1 628 4 15 2 837 8 806 6 602 7 666 3 512 0 261 9 368
7 710 2 718 9 763 5 529 4 210 1 164 0 119 3 919 8 510 6 664
3 325 1 110 2 73 6 538 7 878 9 789 5 549 8 40 4 395 0 2
8 260 4 876 0 503 9 456 3 860 7 244 2 626 5 407 6 926 1 773
9 593 0 49 7 468 1 453 8 595 2 997 4 976 5 436 3 263 6 201
0 89 7 430 6 33 1 936 5 256 9 8 4 611 3 982 8 298 2 652
2 968 9 76 1 118 8 675 7 612 5 221 6 14 0 485 3 407 4 324
7 242 6 568 5 720 0 383 1 183 9 571 2 14 4 852 8 127 3 582
2 362 8 734 0 514 5 64 1 344 6 308 7 531 4 548 3 188 9 862
0 933 3 889 9 826 7 37 5 156 4 189 1 606 2 934 6 64 8 509
7 953 8 883 1 675 6 996 3 469 5 567 0 580 9 829 4 584 2 235
8 788 1 718 7 380 9 49 3 6 6 307 2 903 0 684 5 964 4 380
0 774 8 946 2 156 5 549 3 28 9 288 7 649 6 768 1 617 4 552
9 366 6 192 7 838 0 489 4 845 5 540 3 580 8 443 1 606 2 967
3 604 4 470 0 563 2 496 7 57 5 118 9 784 1 771 8 777 6 229
1 400 5 259 8 115 6 309 4 146 0 322 7 515 9 128 2 587 3 894
5 657 6 710 7 588 4 442 9 735 8 538 0 892 2 166 3 265 1 42
7 113 6 500 8 846 1 793 5 568 3 969 0 581 9 738 4 204 2 883
8 803 4 539 0 963 6 973 7 568 2 20 3 491 1 116 9 882 5 434
2 620 9 845 6 954 7 981 1 247 4 318 3 826 5 18 8 796 0 957
5 167 1 237 3 154 4 865 6 772 8 544 9 870 2 851 0 580 7 248
9 95 3 576 6 737 0 562 4 296 2 406 8 674 1 354 5 364 7 360
4 254 9 755 7 744 8 192 3 520 0 152 1 818 6 993 5 323 2 749
8 120 7 182 6 404 5 155 0 827 3 977 9 383 1 870 2 867 4 548
0 130 8 637 4 563 3 390 6 854 1 382 5 324 2 346 9 187 7 619
8 568 0 98 5 875 3 957 9 237 7 812 6 351 1 675 4 10 2 670
8 317 0 919 9 173 6 363 5 59 1 581 4 706 7 442 3 733 2 417
0 121 7 647 4 899 2 388 5 838 1 136 6 134 9 82 3 452 8 46
5 721 9 596 3 187 0 182 8 444 2 477 6 261 1 611 4 211 7 251
9 665 6 234 0 445 1 683 7 535 8 482 5 944 2 881 3 979 4 765
9 418 0 115 4 252 1 936 8 83 7 305 5 172 6 331 3 766 2 588
7 97 4 341 8 206 5 696 1 346 6 607 3 709 0 695 9 622 2 763
5 48 7 707 1 253 8 377 4 702 2 399 6 762 9 717 3 575 0 274
4 224 7 337 2 313 9 314 1 770 8 651 6 998 5 617 3 55 0 778
1 586 6 231 2 98 3 410 0 712 9 739 4 31 8 890 5 971 7 95
7 594 6 838 9 346 2 295 0 210 1 454 4 133 3 693 5 698 8 490
7 412 4 37 0 743 6 296 5 951 2 8 3 653 1 20 9 760 8 39
4 813 2 683 0 557 7 942 1 961 3 451 8 449 9 42 5 865 6 642
3 378 7 496 2 717 6 970 0 405 8 60 1 458 4 838 5 669 9 411
9 610 5 172 1 667 4 517 2 36 6 871 3 304 8 762 0 994 7 911
9 213 1 544 5 729 3 391 2 931 8 470 4 284 7 804 6 783 0 177
8 153 3 429 1 893 2 536 0 797 6 690 9 557 5 621 4 787 7 741
4 379 6 83 7 455 5 263 3 912 1 623 9 17 0 17 8 278 2 268
1 629 9 129 6 649 8 383 7 256 0 301 2 817 3 924 4 205 5 767
7 764 8 746 1 780 2 580 6 705 0 218 3 156 5 18 9 366 4 607
8 344 5 366 9 851 2 586 6 741 7 592 3 775 1 350 0 444 4 412
8 792 7 466 1 234 2 885 4 129 3 96 6 532 0 759 9 131 5 394
9 544 0 337 5 278 3 132 7 567 8 942 2 193 4 601 1 31 6 767
5 61 1 165 7 45 2 14 6 295 9 492 0 632 4 105 8 29 3 486
2 720 7 801 0 960 5 248 9 540 8 199 4 647 6 144 1 563 3 650
3 68 2 797 6 331 8 279 0 880 7 136 5 390 4 813 9 801 1 267
6 346 7 443 4 948 0 996 3 567 2 905 8 958 9 605 5 595 1 560
4 356 0 540 8 25 1 711 6 994 5 554 3 1 2 67 9 384 7 987
1 240 4 274 8 553 7 201 2 136 5 412 0 301 3 124 6 307 9 694
8 879 0 322 5 921 6 484 3 656 2 575 9 913 4 266 1 594 7 785
7 403 9 688 1 569 4 955 6 12 3 208 5 923 2 276 8 347 0 93
4 25 5 435 7 672 2 794 1 557 9 370 3 620 8 939 6 891 0 652
1 396 6 4 5 140 2 779 9 991 4 157 0 878 8 154 3 255 7 310
6 199 7 12 9 564 0 725 2 560 5 792 1 172 4 857 8 591 3 34
8 599 4 57 3 44 5 510 9 414 0 799 7 341 2 387 1 883 6 402
0 125 1 938 9 52 8 716 6 975 7 826 2 177 4 722 5 416 3 50
2 477 4 825 9 866 0 146 1 106 3 195 7 589 8 214 6 533 5 661
5 905 7 575 3 488 0 484 9 366 6 160 1 710 4 428 8 324 2 610
6 969 7 149 2 295 0 20 3 591 4 314 8 426 1 523 9 227 5 207
4 852 7 890 8 640 9 190 1 831 2 54 3 201 6 574 5 125 0 217
4 619 5 25 1 253 0 49 8 108 6 961 7 44 3 132 2 932 9 502
9 175 3 642 7 233 0 190 1 620 8 262 4 970 5 257 6 145 2 578
2 729 1 328 6 804 4 631 9 75 3 826 0 945 7 606 5 788 8 915
9 202 6 870 5 91 4 649 3 265 7 26 2 733 0 348 8 304 1 526
0 861 4 217 8 882 5 582 3 809 2 339 1 2 9 603 6 855 7 479
1 841 2 67 4 911 3 378 6 53 0 572 8 10 5 953 9 861 7 324
3 984 6 420 7 689 8 312 2 648 9 960 1 46 4 623 5 224 0 329
3 272 5 627 7 500 9 952 2 223 8 707 0 635 6 614 4 84 1 536
8 469 2 789 3 45 1 770 9 280 6 127 5 892 0 453 4 754 7 190
9 414 7 910 1 841 6 911 3 887 4 100 8 966 2 20 5 122 0 317
2 360 1 372 9 814 5 174 7 157 4 944 8 157 3 478 6 235 0 229
4 846 1 391 6 69 2 506 7 210 0 802 5 113 8 125 9 940 3 367
1 462 5 822 0 777 7 774 9 355 4 183 8 510 6 957 2 546 3 310
7 73 6 94 2 475 0 681 8 840 5 675 4 61 1 365 3 726 9 161
3 415 4 363 8 492 1 655 7 269 9 392 5 292 2 625 6 262 0 63
1 64 7 861 9 538 5 733 2 977 8 569 0 841 6 792 4 772 3 687
3 591 9 5 6 942 5 119 7 243 1 333 0 945 4 343 2 406 8 267
3 646 1 841 9 345 4 644 7 530 8 881 0 584 2 227 6 958 5 234
3 459 9 297 8 174 2 988 6 786 0 822 5 315 1 827 4 304 7 254
9 843 6 623 3 393 1 171 8 518 5 916 4 477 2 274 0 100 7 181
6 423 9 285 5 714 4 98 8 278 1 477 3 964 7 995 0 922 2 585
4 876 0 728 3 811 9 679 1 296 2 951 7 251 5 854 8 906 6 200
6 540 9 854 5 417 7 456 0 268 4 692 2 380 8 177 3 261 1 566
8 935 4 586 0 977 2 855 3 830 7 368 6 594 1 240 5 438 9 841
5 256 2 580 0 739 3 176 8 331 6 301 9 940 7 754 1 696 4 208
3 67 2 276 0 937 7 570 5 592 8 439 1 533 9 894 4 5 6 33
5 735 6 556 0 628 9 505 3 497 8 951 1 125 4 679 7 473 2 3
1 676 9 406 0 764 2 184 5 607 8 798 4 951 3 736 7 37 6 98
0 69 3 529 6 585 2 403 7 531 4 24 9 270 8 671 1 327 5 171
8 509 6 954 5 94 7 224 1 65 9 167 0 788 2 511 3 556 4 603
4 311 2 792 1 226 8 766 0 92 9 275 7 691 3 630 6 331 5 299
3 814 7 218 6 775 5 277 2 777 8 273 1 181 0 483 4 166 9 572
5 238 6 919 4 575 0 806 7 71 2 294 3 177 9 495 8 806 1 156
3 694 5 399 6 351 2 213 7 908 1 293 0 556 4 367 8 460 9 788
2 747 3 514 6 717 5 975 8 169 0 880 1 79 4 329 7 172 9 479
7 331 3 755 4 719 1 584 6 839 5 491 8 926 9 627 2 896 0 77
9 977 0 537 6 520 8 321 2 766 4 509 3 159 7 121 5 167 1 552
0 181 8 692 1 474 7 193 4 437 2 996 9 751 3 677 5 421 6 233
3 172 7 8 4 947 5 176 6 412 2 352 0 754 9 851 8 143 1 969
6 426 7 542 1 187 9 83 5 949 4 755 3 304 2 549 8 485 0 443
1 960 2 236 4 435 8 594 7 605 5 308 6 50 0 661 9 397 3 873
6 202 0 683 1 729 7 170 3 25 8 757 2 699 5 451 4 907 9 636
2 6 3 638 9 994 6 837 5 655 4 974 1 882 8 939 7 976 0 87
6 115 5 617 4 86 2 85 7 473 0 10 1 8 9 999 3 264 8 679
7 400 8 335 6 32 4 116 5 902 1 338 9 976 0 296 2 24 3 262
3 119 6 552 7 806 9 669 8 814 1 143 5 129 4 397 2 170 0 691
1 372 8 657 2 293 5 38 9 362 0 119 7 436 6 271 3 663 4 910
0 123 2 78 9 155 1 884 6 268 5 761 7 65 3 802 8 94 4 597
2 845 0 85 3 938 5 20 8 820 7 490 6 817 4 871 9 510 1 205
6 274 5 536 3 302 7 789 1 399 8 927 0 378 4 144 9 767 2 871
8 845 6 662 0 471 3 676 7 50 2 652 5 193 9 156 1 316 4 504
3 598 6 239 8 392 9 500 5 839 2 316 0 804 1 361 4 415 7 185
4 9 0 201 3 317 9 790 7 835 2 809 6 846 5 839 1 817 8 369
1 303 5 572 4 504 2 466 3 815 8 975 6 834 7 467 0 923 9 330
5 12 8 703 0 596 4 114 6 613 2 198 3 195 7 764 9 537 1 39
9 332 4 130 3 334 7 663 5 240 6 681 8 903 1 200 0 388 2 139
6 435 7 737 0 687 4 724 8 202 5 950 3 769 2 411 1 774 9 604
1 503 3 255 5 484 7 955 9 316 6 651 0 630 2 760 8 409 4 615
8 609 7 966 3 940 6 277 1 593 0 601 9 406 4 141 5 997 2 118
9 31 0 789 5 397 4 74 3 868 7 633 1 72 8 998 2 720 6 547
3 522 7 28 2 833 1 847 5 594 0 160 4 25 8 325 6 233 9 846
6 470 9 387 1 358 0 468 2 891 4 110 3 743 7 907 5 660 8 278
3 682 0 960 7 49 6 52 2 778 1 305 4 34 8 200 5 797 9 94
6 193 7 987 3 546 0 646 1 140 2 597 4 288 9 211 8 913 5 172
8 569 4 627 6 725 0 123 1 525 7 44 9 845 5 154 3 51 2 595
6 966 2 816 9 714 8 72 0 495 1 369 3 614 7 386 5 108 4 93
2 975 5 627 9 382 6 592 4 27 1 239 3 933 7 103 0 403 8 822
7 431 5 813 0 986 6 396 1 666 3 578 9 778 8 554 4 734 2 429
5 345 7 210 0 71 9 622 6 865 8 692 3 766 2 51 4 878 1 216
9 854 6 108 0 432 3 103 7 84 4 749 8 24 2 811 1 439 5 872
2 654 4 263 0 543 8 532 6 25 1 412 3 587 5 166 7 817 9 450
3 698 5 594 2 334 8 999 7 291 0 150 9 947 6 391 4 816 1 675
8 644 7 704 9 725 5 905 6 461 2 920 0 447 3 190 4 701 1 133
7 935 5 379 1 167 8 617 2 13 3 51 0 89 6 761 4 706 9 633
4 61 6 656 8 574 3 829 2 469 9 52 7 23 5 666 0 707 1 29
2 91 0 519 5 839 9 805 3 725 6 280 8 361 4 41 1 59 7 344
7 526 8 82 2 800 6 349 5 768 1 592 3 965 4 425 0 790 9 372
6 3 8 96 2 339 5 848 4 276 1 995 7 714 9 982 0 23 3 47
7 111 0 866 3 577 2 946 6 520 9 884 1 481 8 221 5 250 4 694
0 28 5 807 7 584 1 982 2 223 4 451 8 950 6 160 9 116 3 911
3 973 9 836 0 339 2 103 1 735 7 215 5 681 6 583 8 617 4 345
1 62 3 306 0 953 7 954 2 688 6 57 4 44 5 289 8 997 9 387
0 882 3 459 4 174 1 941 7 694 8 500 9 984 5 287 2 541 6 502
4 404 3 787 7 536 2 131 6 461 8 866 0 29 9 488 5 697 1 709
2 287 7 48 4 873 8 141 5 101 6 857 1 139 3 767 0 880 9 896
5 247 0 488 1 334 9 132 4 678 7 488 2 812 3 329 6 366 8 30
4 25 8 668 2 650 7 624 9 109 1 206 0 822 6 5 5 536 3 751
6 240 7 618 8 671 3 992 9 723 4 469 2 425 1 4 0 965 5 849
0 776 8 220 9 792 7 318 3 698 1 94 4 598 6 820 2 887 5 233
8 429 1 532 7 237 6 664 4 74 9 203 2 872 5 312 3 466 0 924
0 61 7 944 3 643 4 505 9 685 2 100 8 81 1 270 5 287 6 958
8 4 6 530 3 46 9 850 7 919 4 106 2 42 5 819 1 275 0 36
8 882 0 583 7 186 2 245 6 823 5 485 3 320 4 359 1 467 9 758
4 668 8 995 1 376 2 887 3 668 6 743 5 406 0 937 7 630 9 876
3 252 0 731 5 731 9 870 4 920 1 741 8 829 6 817 2 625 7 529
3 418 9 468 0 369 1 448 4 897 8 749 7 121 2 575 5 160 6 649
4 420 0 140 5 928 1 22 8 277 9 664 6 368 2 423 7 53 3 307
5 23 1 115 9 188 4 903 6 822 7 50 8 889 0 186 3 185 2 701
8 548 7 923 4 477 2 81 6 233 0 280 5 565 3 199 9 815 1 410
6 351 2 4 8 46 4 566 7 731 0 456 1 168 3 640 9 436 5 949
2 334 7 606 1 263 5 302 4 931 3 838 8 760 6 377 9 117 0 53
0 652 4 979 6 431 5 477 3 841 1 350 7 940 2 154 9 906 8 145
9 959 2 570 7 463 3 612 1 758 0 247 4 529 5 119 8 460 6 890
1 98 2 6 4 989 5 933 6 83 0 795 8 52 3 820 7 55 9 856
0 673 2 529 9 965 5 599 6 582 7 460 1 131 4 80 3 984 8 203
7 925 2 38 8 347 5 811 3 757 6 974 4 974 9 675 1 437 0 741
3 614 2 858 4 864 1 869 7 695 9 773 8 638 5 868 0 188 6 766
6 686 3 530 0 351 8 955 5 822 9 476 4 69 2 98 1 309 7 122
1 833 0 655 5 794 3 929 9 144 4 514 2 606 8 589 6 964 7 744
7 692 3 127 2 882 5 428 1 512 4 743 6 703 0 81 9 733 8 735
3 767 0 262 5 681 6 387 8 918 7 399 2 763 4 928 1 703 9 5
4 197 8 624 1 49 2 417 7 156 6 215 3 42 5 482 0 844 9 174
8 460 5 168 4 449 7 490 9 508 0 628 6 824 2 495 1 713 3 534
4 603 3 774 5 57 2 946 6 572 9 224 1 863 7 729 0 425 8 174
7 985 1 567 0 389 9 167 3 630 4 214 8 32 2 509 6 21 5 231
1 860 3 508 4 88 2 320 9 712 5 344 7 463 0 342 8 314 6 362
7 17 2 296 4 341 1 790 6 798 8 685 5 275 3 348 9 656 0 780
0 227 1 977 6 423 5 782 3 43 7 498 9 99 4 266 2 737 8 501
8 700 9 813 2 187 5 516 6 118 4 67 7 719 3 46 1 697 0 655
6 356 1 811 7 172 5 890 2 583 3 59 0 617 4 267 8 34 9 724
8 620 1 852 4 38 6 471 0 941 7 573 3 10 2 158 5 933 9 280
0 164 9 420 5 885 4 128 2 67 1 104 7 761 3 318 8 207 6 312
0 436 1 257 5 601 2 206 4 757 3 889 7 724 9 529 6 327 8 193
8 477 3 843 9 359 0 471 1 270 6 410 4 478 7 441 5 133 2 870
4 686 1 525 0 372 7 718 9 50 8 236 2 474 5 167 3 46 6 221
3 631 9 249 0 613 6 434 2 844 5 744 8 145 4 57 1 753 7 924
2 300 6 505 4 400 5 21 3 702 9 119 1 358 8 208 0 680 7 596
9 714 6 6 7 748 2 676 5 894 4 759 1 432 0 102 8 99 3 578
6 7 4 715 1 769 9 727 2 383 7 517 8 491 5 948 3 930 0 365
4 721 9 240 3 428 8 953 7 71 1 495 0 891 2 480 6 563 5 155
4 13 6 75 2 204 9 875 0 499 1 635 8 645 3 923 7 298 5 873
2 905 0 247 3 266 4 797 1 817 9 733 7 952 5 454 6 809 8 918
5 742 7 762 2 664 0 257 3 106 1 964 8 486 6 701 4 948 9 416
8 152 7 720 2 33 1 395 0 590 6 488 4 93 9 763 3 550 5 877
1 877 9 872 5 602 7 330 3 867 8 135 2 940 0 182 6 434 4 17
7 729 9 195 8 584 3 164 0 979 2 386 5 620 6 414 1 513 4 409
7 797 9 89 5 425 3 739 8 378 4 535 1 774 0 282 2 8 6 971
1 829 3 267 2 766 9 793 4 208 6 438 8 740 0 636 5 941 7 776
4 786 5 603 9 257 6 79 3 965 8 734 2 486 1 481 0 676 7 971
0 100 9 473 4 873 1 775 7 252 8 624 5 362 3 707 6 647 2 836
1 799 9 989 2 645 7 695 8 695 6 880 3 473 4 607 5 435 0 185
1 401 7 245 6 364 5 190 3 548 0 324 8 224 2 965 9 4 4 736
6 511 7 247 5 779 1 817 8 779 9 880 2 146 4 115 3 142 0 507
4 797 5 546 6 735 8 550 1 714 3 703 2 372 7 847 9 160 0 314
7 931 1 514 8 284 4 538 0 715 9 784 5 358 2 73 6 333 3 229
6 562 9 853 5 384 1 158 8 883 7 108 0 74 4 277 3 330 2 103
3 834 5 851 2 452 7 833 4 586 8 225 6 921 9 869 0 499 1 91
0 944 2 306 5 16 6 354 8 657 9 620 7 724 1 12 4 275 3 911
0 728 3 665 8 819 7 346 5 645 6 333 1 238 2 566 4 575 9 221
0 805 6 58 1 714 3 704 2 400 8 357 7 886 9 588 5 950 4 374
6 686 4 745 5 183 7 427 8 639 9 374 3 940 2 741 1 860 0 910
8 855 1 692 3 614 0 582 4 124 5 244 2 944 7 727 9 337 6 788
8 32 9 570 4 530 1 406 0 450 2 717 5 796 6 176 7 806 3 256
6 980 5 278 1 962 3 316 7 528 9 850 8 579 0 577 4 450 2 866
2 420 0 162 4 134 7 499 6 1 3 800 1 785 5 215 8 558 9 231
6 504 8 537 2 144 7 825 5 307 0 169 3 229 4 477 9 950 1 864
6 95 9 212 2 287 5 145 1 883 0 768 7 991 8 410 4 744 3 769
3 343 7 959 4 131 6 637 0 268 5 593 2 168 1 26 8 620 9 911
5 970 0 843 8 552 3 737 1 51 2 654 4 956 6 13 7 328 9 78
2 457 7 153 4 284 0 882 5 852 1 19 8 821 9 889 6 872 3 56
3 491 7 904 9 38 5 975 1 548 8 153 6 733 2 745 0 364 4 585
3 732 7 96 8 802 6 343 4 547 5 9 9 422 0 404 1 730 2 503
8 999 9 475 2 737 6 646 4 121 0 959 1 447 7 464 5 971 3 267
6 7 7 287 0 510 1 914 9 692 2 944 4 346 8 124 3 597 5 256
2 611 4 657 1 307 0 694 7 56 5 845 3 591 6 589 8 116 9 520
4 832 8 12 6 669 0 817 9 386 2 419 5 586 7 582 3 211 1 68
8 666 2 219 7 880 5 300 6 743 0 180 9 316 4 509 1 18 3 665
6 576 2 713 4 376 9 333 0 773 1 917 5 121 8 202 3 422 7 551
3 41 2 998 6 243 9 990 0 464 7 730 1 745 5 869 8 524 4 308
5 301 1 363 2 982 7 603 0 239 9 50 4 562 3 306 6 131 8 689
8 432 4 116 7 882 1 672 6 927 5 426 9 159 0 368 3 217 2 403
0 206 4 773 3 474 7 521 2 463 6 90 1 570 9 468 8 648 5 911
3 986 4 741 9 304 7 800 6 835 1 185 0 96 8 853 2 625 5 8
1 620 2 514 4 815 0 905 3 783 7 546 9 461 5 260 8 797 6 821
3 764 0 875 1 441 5 915 2 201 4 566 6 927 7 347 9 632 8 249
9 564 5 373 2 192 1 300 3 449 0 905 6 20 8 824 4 767 7 146
2 658 9 249 5 412 0 218 6 660 1 60 7 83 3 594 4 13 8 990
8 826 4 670 9 493 1 550 6 997 3 884 7 557 2 424 0 271 5 679
2 398 0 743 9 321 5 444 6 259 1 246 4 747 7 424 8 911 3 916
8 648 0 412 3 953 7 842 9 382 5 374 4 628 1 65 6 426 2 941
8 443 9 373 3 98 1 417 2 777 7 312 6 436 0 452 4 271 5 436
6 509 9 865 4 743 7 465 2 51 3 312 8 133 5 303 1 227 0 658
5 222 0 17 2 495 1 583 9 88 6 646 8 7 4 178 7 33 3 13
