1000 10
3 269 0 596 4 340 6 953 7 93 9 290 5 121 2 26 8 866 1 664
2 537 6 664 7 791 4 531 9 86 8 865 3 727 0 215 1 168 5 758
0 122 7 232 2 873 3 294 9 993 6 423 8 995 4 350 1 112 5 814
9 590 6 455 8 659 1 112 5 550 0 620 3 649 7 288 4 216 2 606
0 789 6 956 1 77 8 134 9 588 2 621 7 687 3 718 4 873 5 702
2 305 9 684 4 867 0 391 5 564 8 404 6 960 1 29 3 779 7 105
8 571 4 39 5 368 9 800 0 376 6 512 3 487 1 434 7 760 2 452
1 864 6 387 5 145 7 552 8 762 2 531 4 189 0 411 3 475 9 121
6 994 3 523 8 76 1 991 5 722 9 717 2 449 0 766 4 688 7 157
5 767 1 399 8 275 9 110 3 181 2 578 6 608 0 822 7 397 4 655
1 623 2 393 0 92 5 111 7 32 3 425 4 749 6 222 9 726 8 39
7 148 3 711 4 977 1 768 6 613 2 787 8 978 9 423 5 773 0 832
3 791 9 443 6 313 2 162 0 510 1 436 5 35 4 225 7 910 8 104
8 298 7 183 6 970 5 204 0 465 1 836 4 559 2 81 9 536 3 560
7 436 1 573 5 774 3 844 6 433 8 275 2 89 0 85 9 799 4 784
3 908 0 926 9 15 1 547 5 246 2 329 6 111 8 824 4 443 7 377
2 368 0 912 8 300 7 575 1 131 6 81 9 42 3 536 5 929 4 622
4 960 0 703 3 754 7 331 5 38 1 596 6 173 8 799 9 866 2 728
0 206 4 789 5 713 8 564 1 205 9 777 3 10 7 877 6 859 2 684
4 44 3 942 9 368 5 100 2 878 6 387 1 752 7 220 0 132 8 941
1 916 6 635 8 482 0 726 3 276 2 619 5 736 9 3 4 522 7 424
1 461 9 65 2 858 6 266 0 784 3 813 7 669 5 369 4 778 8 644
7 701 5 181 1 543 0 196 6 19 4 591 9 140 8 525 2 100 3 920
6 954 3 640 5 578 0 364 2 336 1 794 4 886 8 505 9 567 7 532
8 572 9 930 5 174 2 387 7 223 6 947 0 398 3 55 1 779 4 992
5 928 1 34 8 593 4 774 7 587 3 263 9 292 6 734 0 873 2 988
2 659 1 73 6 209 5 597 4 72 3 661 9 799 8 526 7 989 0 715
6 951 4 909 5 982 3 521 8 938 9 354 2 473 0 603 1 399 7 892
6 850 5 481 9 666 3 10 0 579 1 229 8 145 7 562 2 49 4 627
0 595 2 137 7 970 1 805 5 204 4 808 6 130 9 194 8 92 3 543
4 724 7 139 8 733 6 409 9 429 1 626 3 963 0 299 2 541 5 174
8 22 1 946 6 735 7 223 9 426 2 360 4 304 0 427 5 232 3 883
7 492 5 787 2 661 8 370 3 115 6 790 1 776 0 85 9 91 4 399
3 673 6 304 4 231 7 589 5 77 9 563 1 190 8 407 2 70 0 401
1 550 9 914 6 71 0 499 3 454 7 944 2 534 8 281 4 131 5 471
3 194 5 996 7 266 2 323 9 323 1 435 8 853 0 433 4 824 6 735
6 425 7 209 1 308 9 381 3 899 4 110 8 138 2 928 0 74 5 590
9 872 1 913 2 576 6 281 8 32 3 436 0 947 5 432 4 112 7 600
5 920 9 3 3 867 4 674 7 167 0 502 2 385 1 79 6 865 8 425
0 401 1 500 4 278 3 283 6 167 9 547 2 307 5 714 8 41 7 965
2 208 5 50 8 875 9 382 4 24 7 40 6 770 3 273 0 585 1 961
0 374 5 673 3 708 6 636 7 368 4 250 9 846 1 592 2 915 8 594
7 549 5 811 4 951 2 551 0 519 9 385 1 224 3 997 6 451 8 605
4 813 7 740 2 395 5 831 3 445 0 628 8 273 9 570 1 532 6 294
0 198 3 72 7 570 6 145 1 225 9 197 4 797 8 742 5 597 2 981
1 261 4 208 5 204 3 731 7 157 0 43 8 215 6 599 2 457 9 576
0 831 5 714 7 35 6 578 4 734 9 705 8 680 3 944 2 351 1 732
7 687 9 263 5 220 1 930 8 26 3 860 4 254 0 835 6 933 2 123
2 366 6 513 0 659 3 558 1 122 9 316 8 647 4 678 5 900 7 817
5 280 4 359 6 300 9 318 1 854 8 995 3 830 0 917 7 562 2 117
6 526 5 74 0 666 8 352 4 64 1 442 2 129 7 636 9 236 3 186
6 620 3 741 1 798 7 329 9 849 4 64 5 660 8 675 2 603 0 218
2 328 0 715 7 144 1 662 5 477 9 669 8 899 4 523 3 895 6 581
5 309 2 792 8 979 6 519 7 119 0 997 4 837 3 612 1 106 9 607
7 545 6 749 9 719 1 232 8 969 3 992 5 451 0 385 2 92 4 676
4 458 7 316 5 616 1 874 3 237 8 818 6 390 0 874 9 373 2 766
6 444 2 159 0 543 1 244 3 633 4 936 8 898 5 506 9 1 7 356
4 3 7 65 1 303 9 89 8 746 3 759 6 34 2 937 5 125 0 77
2 696 3 466 5 978 1 648 6 632 4 161 8 714 0 894 7 868 9 162
2 937 3 567 5 483 7 526 6 290 4 958 8 716 9 129 1 216 0 58
0 430 3 550 2 607 1 165 5 45 8 722 4 208 9 112 6 334 7 970
1 547 2 33 5 188 8 442 0 535 9 946 6 891 3 371 4 797 7 255
8 802 3 264 0 771 2 724 9 94 1 934 5 812 6 560 7 945 4 173
9 684 2 163 0 289 6 23 4 706 3 199 5 964 1 699 7 446 8 109
0 297 7 94 6 929 2 824 1 515 3 656 5 364 8 102 9 639 4 430
6 681 7 824 9 388 2 241 5 534 8 439 0 818 4 515 3 736 1 449
5 26 7 121 2 931 6 631 3 790 8 113 1 55 0 316 4 266 9 361
9 223 2 996 5 263 1 26 7 947 4 422 3 713 8 671 6 366 0 520
3 318 2 198 4 794 1 950 7 310 0 145 5 46 6 974 9 266 8 209
5 121 1 642 2 789 7 641 9 465 6 179 8 704 0 602 4 196 3 863
2 274 9 656 7 304 5 439 8 996 6 688 3 918 0 528 4 226 1 748
9 584 3 780 2 469 7 541 0 923 1 859 5 661 8 108 4 680 6 51
8 804 0 813 7 965 2 458 5 870 6 488 9 817 1 899 3 692 4 501
7 940 6 589 3 96 9 459 2 596 4 796 1 875 0 814 8 620 5 569
2 474 7 51 8 543 4 901 5 887 1 256 6 690 0 718 3 268 9 693
2 600 9 259 0 834 5 577 6 95 3 226 8 248 7 507 1 807 4 891
7 694 4 494 5 931 2 241 1 129 9 463 8 928 0 997 3 313 6 398
9 482 3 662 0 294 1 959 5 302 6 921 7 338 8 308 4 242 2 976
7 535 0 193 5 529 4 226 3 729 8 339 1 803 6 776 9 878 2 813
7 568 0 823 4 474 3 553 2 285 1 543 6 688 5 528 9 687 8 463
0 314 4 318 8 61 7 706 3 977 5 461 2 850 6 882 1 232 9 620
9 591 7 439 2 155 5 75 8 423 0 436 1 957 3 254 6 276 4 607
2 359 6 452 0 336 7 411 5 764 8 482 1 134 3 924 9 313 4 137
8 390 5 158 3 962 2 929 0 527 9 162 7 776 6 56 1 862 4 213
6 86 7 132 3 229 0 47 8 331 1 320 2 448 9 397 4 738 5 302
5 192 0 828 4 964 6 346 8 114 9 11 3 335 7 878 1 306 2 451
4 312 0 431 5 873 9 390 7 477 2 291 8 693 1 537 6 821 3 334
7 911 0 687 3 312 6 704 1 272 4 835 2 171 5 484 9 21 8 985
4 67 8 399 5 794 0 250 9 963 1 963 6 51 3 539 2 473 7 200
4 261 8 689 7 514 1 582 3 706 9 627 0 774 5 969 6 212 2 499
3 286 4 705 7 633 1 818 5 898 0 396 9 348 8 671 2 647 6 18
6 581 0 676 4 805 3 390 1 558 2 670 5 783 7 332 9 334 8 558
1 332 2 187 8 867 7 649 0 74 9 153 4 888 5 592 3 186 6 269
6 606 5 645 2 126 3 277 9 399 4 627 0 183 1 836 7 309 8 760
4 964 9 488 8 833 1 418 3 948 7 885 5 640 6 123 2 28 0 713
1 264 7 586 5 108 2 981 9 616 4 127 8 84 3 989 0 749 6 139
2 629 5 597 3 313 8 890 6 714 9 719 4 189 1 414 7 356 0 725
0 279 2 977 1 197 9 743 3 896 7 558 6 740 5 930 4 188 8 437
8 999 6 974 4 916 0 265 1 207 3 362 2 200 7 912 5 885 9 957
6 493 8 342 7 394 1 484 5 71 3 518 0 701 4 667 9 320 2 375
1 565 6 610 9 639 7 806 4 454 8 534 3 571 0 22 2 841 5 384
0 806 9 129 7 187 8 678 6 559 5 113 2 455 3 620 4 119 1 599
6 232 7 519 8 310 9 79 4 519 2 718 1 326 5 726 3 363 0 237
8 836 3 994 6 878 5 263 7 879 9 684 2 435 1 479 4 513 0 172
6 278 2 907 4 642 3 874 0 740 9 174 5 308 1 188 8 674 7 848
2 242 3 521 7 409 5 924 4 345 6 120 9 646 8 815 0 512 1 782
0 936 9 800 1 940 8 34 4 731 7 680 3 212 6 831 5 329 2 774
8 524 6 573 1 752 3 423 4 36 7 508 2 367 5 985 0 608 9 575
0 937 5 395 1 211 8 281 2 12 7 875 3 724 4 62 9 356 6 755
8 411 9 312 0 841 2 849 3 149 5 733 7 407 4 161 6 290 1 81
0 459 8 25 5 576 4 918 1 667 7 592 9 440 3 308 6 982 2 668
3 342 0 734 5 955 1 848 9 583 6 755 4 158 2 638 7 75 8 478
7 989 1 414 2 793 4 395 3 968 5 899 0 186 8 405 6 7 9 886
8 325 6 617 3 101 5 746 4 362 0 721 2 978 9 947 7 491 1 502
8 559 1 563 0 139 2 533 9 619 4 835 5 442 6 644 7 234 3 978
0 225 9 434 2 748 5 149 8 376 7 880 3 732 6 243 1 840 4 312
3 263 5 516 2 82 4 800 8 572 1 181 0 813 7 427 6 179 9 443
3 351 6 300 5 422 4 362 2 419 7 40 9 892 1 1000 0 873 8 599
1 260 2 547 6 395 0 759 8 671 7 539 3 419 9 413 5 582 4 797
0 914 8 472 5 26 1 229 3 155 9 340 4 19 7 720 6 326 2 928
2 352 5 435 9 673 3 277 6 333 8 868 4 985 1 531 0 763 7 91
2 854 9 385 8 89 1 844 5 684 6 560 7 800 0 524 4 686 3 685
1 660 5 572 6 309 3 554 4 662 9 143 7 885 2 376 8 950 0 157
1 417 6 491 7 166 2 201 9 13 4 498 0 794 8 574 5 249 3 185
7 420 6 336 9 590 1 597 8 436 3 178 4 57 2 843 0 172 5 700
3 292 0 605 1 545 6 174 8 676 7 138 5 757 2 517 9 205 4 649
5 2 4 856 6 505 8 866 0 825 7 401 2 919 3 65 9 368 1 595
1 576 0 424 8 714 9 468 4 742 2 375 5 177 6 544 7 733 3 619
4 950 9 767 1 323 5 664 3 673 6 804 8 796 2 332 7 796 0 43
8 709 0 962 2 441 9 519 4 298 6 736 7 268 1 621 3 884 5 54
5 572 7 496 9 922 1 154 6 91 0 146 3 736 8 492 2 236 4 619
6 669 5 339 8 76 3 673 0 38 2 499 9 449 7 301 1 160 4 300
1 39 3 517 8 427 0 360 6 81 9 732 4 194 5 240 2 893 7 978
8 150 9 211 4 848 0 289 2 170 3 85 5 337 7 269 6 154 1 360
4 850 2 559 9 796 6 657 0 656 3 671 7 329 5 945 1 244 8 323
0 701 2 382 7 473 6 592 8 753 5 838 1 54 9 947 3 738 4 72
4 422 0 93 6 498 8 359 5 402 2 321 1 413 3 819 9 377 7 99
0 374 5 261 4 198 2 967 8 943 6 151 9 335 1 67 3 640 7 470
6 166 1 219 3 486 0 998 2 328 4 375 9 437 7 8 8 458 5 370
1 1000 3 762 8 116 2 953 0 533 5 539 6 118 7 637 4 814 9 609
8 663 5 208 4 946 1 489 6 580 2 560 0 978 3 851 7 701 9 483
2 431 6 623 7 531 3 512 4 856 9 624 0 78 1 237 8 137 5 59
7 819 4 843 0 704 3 307 6 594 1 842 8 241 2 637 9 982 5 225
6 826 7 131 0 422 1 590 8 736 2 760 4 904 9 574 5 576 3 255
7 557 9 914 2 290 1 152 3 456 4 247 5 879 6 15 8 704 0 992
1 811 8 370 0 764 6 834 9 325 7 40 5 662 4 820 3 412 2 929
6 304 8 88 2 692 4 789 3 155 7 370 1 990 9 901 5 423 0 941
7 213 1 560 5 701 0 780 4 108 3 267 2 744 8 364 6 190 9 801
5 273 9 811 1 949 6 258 4 218 8 364 3 492 7 667 0 82 2 83
4 24 7 857 9 727 0 263 8 193 3 523 2 818 6 737 5 406 1 100
6 668 5 672 9 22 0 682 4 151 1 358 2 499 3 862 8 303 7 282
7 673 8 560 9 607 1 570 2 477 0 542 4 351 6 845 5 752 3 81
4 891 1 579 6 443 0 100 9 744 2 786 3 380 8 905 5 887 7 806
9 758 6 610 1 452 8 67 4 743 0 537 5 296 2 730 3 163 7 757
6 690 3 406 2 301 8 89 1 900 4 346 7 502 0 242 9 217 5 457
8 54 9 573 6 309 1 689 3 583 5 443 7 357 4 532 2 722 0 979
8 830 4 845 1 897 9 66 2 361 6 204 7 315 0 769 3 731 5 422
6 70 3 138 7 403 1 948 5 870 9 392 4 909 8 517 0 483 2 931
5 28 7 139 8 890 6 765 0 836 4 735 9 994 2 12 1 780 3 602
6 254 5 612 7 330 2 74 4 762 0 969 8 857 3 989 9 735 1 269
0 422 2 253 3 433 7 204 1 609 9 23 8 711 5 154 6 150 4 729
2 146 0 732 3 466 9 64 8 926 7 700 5 355 6 227 4 743 1 307
3 153 2 1000 5 773 7 962 6 48 1 585 9 191 8 961 4 327 0 515
9 846 2 19 6 851 5 930 8 80 1 228 4 325 7 956 0 725 3 513
4 362 9 513 6 270 1 514 7 761 8 19 0 345 5 62 3 15 2 912
0 921 8 235 1 774 6 545 7 571 4 967 9 4 2 191 3 555 5 793
1 96 6 273 0 932 4 14 3 439 2 460 8 247 5 136 9 789 7 911
1 611 6 929 0 583 5 529 2 411 7 488 8 564 3 738 9 85 4 926
0 524 1 747 3 126 4 904 8 65 7 322 6 451 9 609 5 442 2 334
6 666 1 611 8 335 3 652 5 767 9 937 2 174 0 636 7 90 4 260
1 60 6 435 3 310 2 280 7 127 0 189 4 261 5 651 8 408 9 486
6 446 4 673 7 870 3 622 2 681 8 167 0 909 9 135 1 809 5 138
8 446 6 468 1 400 9 291 0 224 2 424 7 400 3 609 4 820 5 471
1 781 8 187 5 390 7 629 9 937 6 153 0 591 3 473 4 287 2 517
1 671 6 622 3 177 2 860 9 48 5 934 0 245 7 275 8 742 4 315
1 882 3 127 8 723 4 772 5 752 6 565 9 719 0 48 7 302 2 603
5 324 1 778 3 789 4 505 9 415 7 169 0 41 6 632 2 819 8 722
2 607 1 517 7 775 9 852 3 930 6 897 4 624 8 464 5 872 0 824
6 193 1 763 2 466 8 492 9 622 7 226 3 392 5 310 4 273 0 249
3 346 7 393 9 395 8 903 4 868 6 691 0 180 2 770 5 945 1 24
8 70 6 914 2 192 5 676 0 12 4 533 7 76 9 269 1 240 3 191
0 741 3 275 5 817 2 947 7 692 4 925 6 795 8 154 9 571 1 746
6 456 7 886 2 563 8 680 4 53 0 628 1 535 9 724 5 800 3 693
5 414 4 207 3 565 1 687 0 958 2 800 9 232 8 268 6 540 7 276
2 780 8 959 6 696 4 1000 3 34 7 302 5 332 0 654 1 134 9 752
5 309 6 147 9 243 1 861 7 803 0 132 4 982 2 748 8 827 3 312
4 72 2 741 1 459 3 263 8 524 0 668 5 133 7 405 9 9 6 470
7 229 5 482 1 258 2 260 0 701 9 905 6 457 8 465 3 215 4 427
9 482 7 329 8 938 2 768 4 427 3 904 5 742 6 521 0 97 1 228
8 778 5 548 7 382 6 711 0 357 2 797 1 695 9 477 4 25 3 550
9 650 2 999 0 891 5 339 7 461 3 978 8 263 6 108 4 360 1 455
1 761 8 952 2 860 4 360 5 550 3 266 9 118 6 107 0 457 7 763
4 156 8 38 0 617 3 412 1 496 6 815 9 272 2 485 5 562 7 415
2 494 9 207 4 151 0 227 3 628 5 51 1 792 8 365 7 316 6 253
0 774 6 438 2 981 7 24 3 392 8 832 9 765 1 999 4 423 5 692
6 808 1 53 8 577 9 511 7 365 2 706 0 993 5 425 3 383 4 707
8 448 3 332 6 232 7 397 1 781 9 125 4 953 5 485 2 536 0 458
4 471 9 287 3 132 8 968 0 8 7 705 5 522 1 295 2 219 6 931
0 34 8 452 2 270 7 557 3 885 1 196 9 976 5 549 4 766 6 32
2 214 6 251 7 710 3 249 8 619 0 747 9 471 1 73 4 97 5 863
4 352 6 428 1 324 2 350 7 607 0 297 8 917 5 533 3 342 9 841
6 133 1 880 9 828 2 562 7 463 8 6 5 731 0 56 4 248 3 638
1 874 8 121 0 874 9 321 6 304 2 931 7 108 4 933 3 433 5 749
3 29 2 139 1 974 6 191 8 191 9 7 0 820 7 206 5 193 4 498
8 911 3 792 7 837 1 509 9 360 0 232 2 480 6 979 4 297 5 231
9 503 5 379 3 513 6 719 0 439 1 153 2 906 8 373 7 885 4 320
9 176 5 139 1 732 4 631 2 132 6 375 3 948 0 941 7 407 8 851
0 896 4 746 7 930 6 33 8 680 2 43 3 210 9 139 5 317 1 561
9 33 5 197 4 859 0 431 2 399 3 512 8 712 7 935 6 760 1 899
9 995 8 408 0 558 2 120 6 8 4 813 5 855 7 824 1 79 3 645
2 266 3 308 1 300 4 234 7 571 0 745 9 242 5 872 8 742 6 415
6 641 3 973 7 728 5 22 1 975 0 519 4 689 9 573 2 610 8 38
0 373 3 465 8 754 1 719 2 193 6 919 7 309 5 586 4 419 9 182
3 461 1 922 5 483 6 300 9 60 2 230 8 790 4 667 0 95 7 752
4 65 2 991 7 776 8 225 5 858 9 191 3 398 0 966 6 593 1 317
7 32 0 204 5 534 9 572 1 86 6 332 8 421 4 957 3 632 2 842
7 244 2 478 6 128 5 736 1 869 9 232 8 370 4 50 3 558 0 531
2 244 4 118 7 774 0 568 5 560 6 458 1 962 9 762 3 494 8 433
1 70 3 762 8 6 0 683 6 639 4 86 7 564 5 824 9 444 2 294
0 956 4 849 3 629 8 954 6 597 9 524 2 420 5 683 7 66 1 354
0 40 9 317 8 979 5 310 6 937 2 637 4 634 7 244 1 718 3 805
9 330 1 83 3 441 2 73 4 378 5 96 7 228 6 973 0 902 8 889
6 748 4 565 3 518 1 515 5 731 0 216 2 352 7 201 8 565 9 618
7 729 0 730 6 705 9 677 2 825 4 956 1 47 5 611 3 749 8 979
5 568 2 995 8 501 6 712 0 376 3 717 9 949 4 784 7 592 1 988
2 921 4 994 6 504 7 47 3 978 8 484 5 898 9 195 1 645 0 579
0 155 4 721 2 363 6 205 9 362 1 183 5 267 7 270 8 98 3 174
0 490 6 890 8 813 9 416 7 789 2 845 3 166 4 131 1 934 5 573
6 240 5 167 4 498 3 128 2 725 9 576 7 603 8 984 0 78 1 431
1 873 4 535 2 10 6 75 8 195 9 497 5 34 0 744 7 491 3 205
8 104 3 146 6 544 4 727 1 200 7 120 0 877 9 493 2 119 5 119
9 318 1 452 4 672 2 394 8 851 5 598 3 998 0 763 7 813 6 746
1 643 6 417 0 38 2 937 5 910 3 269 4 717 7 496 8 979 9 899
3 159 2 367 0 733 9 698 7 865 6 821 1 383 4 367 8 313 5 533
7 720 0 109 3 260 2 305 8 68 6 353 1 66 9 841 4 727 5 773
6 686 5 680 1 932 9 251 4 369 0 212 3 972 7 323 2 942 8 312
0 314 9 819 1 241 7 647 4 324 5 787 3 785 6 775 8 116 2 202
3 532 9 208 0 436 2 624 4 562 5 88 1 47 8 672 6 129 7 764
7 196 8 577 1 927 2 372 0 622 5 475 6 559 4 492 3 695 9 857
4 674 0 251 8 147 6 6 9 775 2 202 3 88 1 752 7 685 5 882
6 84 9 892 5 772 1 82 0 295 4 892 2 884 7 532 8 935 3 988
0 726 8 283 4 434 6 237 3 646 9 236 1 701 2 99 7 450 5 637
4 283 7 138 6 236 2 486 8 946 3 576 0 387 1 403 5 280 9 670
5 352 8 867 7 707 0 464 1 748 6 176 3 757 2 503 4 983 9 995
5 982 3 200 7 547 1 731 4 123 8 195 6 943 2 242 9 325 0 465
3 815 7 485 9 877 6 906 5 793 1 293 4 19 0 651 8 851 2 942
8 245 7 281 5 391 6 892 9 572 0 644 1 872 4 605 2 875 3 731
9 623 8 16 6 969 1 464 5 598 7 583 3 390 4 471 2 165 0 483
4 337 9 816 1 819 6 85 7 520 2 727 3 308 5 396 0 985 8 644
7 353 8 208 2 213 0 852 1 430 9 770 5 77 6 756 3 532 4 942
2 524 9 605 1 575 7 782 4 947 8 912 0 17 6 652 5 740 3 406
7 117 0 547 5 559 2 477 4 920 1 355 6 392 3 339 8 746 9 703
1 9 2 584 0 627 7 997 6 91 4 196 8 136 9 617 5 1000 3 802
3 964 2 950 4 980 1 8 7 699 0 306 6 418 8 404 9 10 5 821
1 235 7 836 5 226 8 550 9 793 6 154 2 172 3 530 4 369 0 906
8 318 9 330 0 967 7 146 2 371 6 719 5 867 3 101 4 513 1 5
3 810 5 331 0 132 9 521 7 328 8 577 1 592 6 153 2 352 4 528
2 828 9 486 1 166 0 45 5 185 3 984 4 955 8 957 7 489 6 215
2 144 9 786 3 973 6 481 0 430 4 270 7 71 5 485 8 210 1 266
8 414 1 730 7 366 4 772 5 960 3 396 2 98 6 452 9 834 0 581
1 186 7 113 4 562 8 428 3 201 9 444 6 198 5 981 2 923 0 720
6 893 8 349 7 488 9 189 4 171 1 23 0 292 5 184 2 106 3 616
6 779 2 64 3 91 8 316 4 426 0 144 1 164 5 83 9 153 7 596
2 748 8 131 9 180 1 394 7 106 4 794 3 745 5 974 0 124 6 337
4 443 6 753 2 147 0 472 9 205 1 607 3 658 8 234 5 387 7 68
8 424 3 622 0 34 4 747 1 795 5 374 9 8 7 763 2 733 6 152
2 438 3 494 9 595 6 383 8 282 7 398 1 47 4 685 5 816 0 766
5 511 2 7 6 473 3 947 7 774 0 685 4 100 8 542 1 537 9 332
4 280 1 663 2 172 7 970 8 996 5 886 9 235 0 518 6 213 3 97
4 765 2 257 9 639 0 710 8 962 5 973 7 655 1 875 3 605 6 864
5 740 2 162 3 60 1 901 8 926 7 898 4 644 6 535 9 871 0 932
8 210 7 963 5 231 9 923 0 820 2 185 6 611 3 446 1 670 4 478
4 661 1 374 6 905 3 706 5 351 2 303 9 902 8 41 0 528 7 549
0 688 6 296 5 817 9 115 7 678 2 549 8 505 3 859 1 592 4 675
4 268 5 653 3 793 7 705 6 83 9 790 1 587 8 638 0 781 2 255
6 161 4 556 3 916 1 454 0 133 8 350 9 554 2 446 5 138 7 270
7 593 0 918 3 43 6 807 1 578 4 256 8 914 5 540 2 877 9 472
4 245 6 612 3 743 1 903 2 3 9 811 5 986 7 315 0 197 8 366
0 526 2 292 6 215 8 202 4 477 5 286 1 909 7 905 9 204 3 614
5 611 8 418 7 486 9 275 2 940 4 764 0 139 3 203 1 36 6 607
0 101 3 215 1 185 5 879 9 83 7 460 6 36 4 805 8 566 2 830
1 406 5 44 0 216 8 842 3 533 7 469 6 333 2 329 4 158 9 824
4 826 5 37 3 740 1 95 6 298 0 673 9 718 2 680 8 656 7 721
0 191 7 936 8 190 2 914 6 727 1 535 4 363 5 784 9 799 3 547
4 220 8 771 1 442 6 4 0 897 5 757 7 558 3 185 2 616 9 675
2 418 3 190 7 575 4 237 5 842 0 267 9 690 1 867 8 853 6 738
2 597 3 725 5 344 7 436 4 724 1 511 6 323 8 144 0 638 9 936
7 729 9 329 1 279 5 782 8 517 2 99 3 780 4 472 0 607 6 922
2 298 9 616 3 190 8 631 0 896 4 498 1 336 6 760 7 387 5 637
1 965 7 699 3 823 8 644 5 978 9 871 2 306 4 713 0 825 6 439
7 365 1 440 2 253 5 379 4 53 3 644 0 123 6 676 8 422 9 656
4 972 5 60 7 678 8 780 2 279 1 792 9 703 0 409 3 683 6 564
5 750 7 11 2 746 6 265 9 649 4 930 3 593 1 117 8 150 0 189
4 309 6 455 8 806 2 860 0 543 9 749 7 336 3 256 1 880 5 868
8 18 0 793 2 8 9 755 6 338 3 899 4 143 1 636 5 218 7 566
7 702 0 305 5 210 6 345 9 944 3 535 1 16 2 51 4 379 8 601
8 538 6 949 7 467 4 356 1 340 9 671 2 509 0 554 3 909 5 557
3 816 0 342 8 196 5 454 7 567 2 171 4 584 1 146 6 604 9 144
6 860 0 189 4 806 3 164 2 57 5 67 9 747 8 610 1 766 7 322
3 841 1 201 9 843 0 863 6 559 5 971 4 803 8 662 7 592 2 248
1 152 9 969 7 311 5 902 8 56 2 212 0 694 6 631 3 477 4 915
5 88 2 655 6 146 9 769 0 191 7 673 3 505 4 982 8 687 1 653
8 849 2 531 3 690 1 264 9 717 5 989 6 693 7 775 4 456 0 404
0 591 2 409 3 532 1 896 7 65 8 17 6 634 9 479 4 553 5 965
4 124 7 364 8 993 3 902 2 519 9 927 1 180 6 132 5 4 0 69
7 889 5 333 1 796 2 924 0 543 3 865 4 411 8 357 6 793 9 701
6 262 7 719 2 35 3 50 1 383 8 156 9 842 4 138 5 391 0 746
9 619 7 359 4 835 6 688 2 529 1 816 3 903 5 538 0 714 8 672
0 230 3 364 4 595 7 780 8 492 2 327 6 191 1 121 5 699 9 674
1 63 2 112 3 449 6 208 9 59 0 496 4 27 8 482 7 70 5 598
6 122 5 754 0 808 3 946 4 316 9 379 2 446 8 473 1 654 7 479
6 564 9 459 5 277 7 519 3 874 0 337 8 980 4 289 2 508 1 269
0 623 3 705 4 83 6 421 1 86 7 86 5 193 2 125 8 13 9 943
1 626 6 352 5 176 8 890 2 461 7 475 0 140 4 705 9 178 3 366
8 289 1 290 6 582 3 440 5 563 4 610 0 714 7 886 9 672 2 541
7 554 4 855 2 76 3 540 1 753 0 983 8 879 6 419 5 985 9 398
0 344 4 542 6 232 8 948 9 404 3 743 7 670 1 484 5 367 2 519
7 763 1 330 9 794 6 863 3 214 2 274 0 605 4 809 5 999 8 15
8 188 0 992 3 406 1 940 9 573 7 112 2 221 6 170 4 698 5 260
2 624 9 335 6 706 8 819 3 581 7 583 4 938 0 181 5 814 1 34
3 912 5 991 1 700 9 858 6 536 4 177 8 613 7 407 2 447 0 657
3 414 6 248 0 485 5 694 7 219 9 872 2 320 8 306 4 139 1 611
6 779 2 716 5 137 9 684 4 797 3 850 7 69 8 252 0 54 1 360
9 682 5 585 6 428 8 327 2 224 3 953 4 332 0 933 1 625 7 145
6 61 0 956 2 745 9 582 5 894 3 874 7 846 4 15 8 527 1 437
5 591 2 885 1 372 8 736 9 361 6 728 7 662 3 247 4 661 0 120
5 396 1 891 7 445 9 669 4 448 8 106 2 13 0 835 3 132 6 934
6 550 1 701 0 706 9 160 4 837 2 77 3 819 8 761 5 867 7 237
0 263 8 797 1 718 5 221 4 547 3 484 7 20 2 305 6 425 9 686
3 127 0 686 4 105 2 123 6 796 8 233 1 573 9 604 5 166 7 965
1 859 6 681 5 231 4 943 7 147 9 136 2 871 3 639 8 808 0 303
4 173 0 333 6 964 2 270 9 66 7 590 8 595 5 596 3 925 1 106
5 610 8 956 2 433 1 987 7 544 6 875 0 306 3 907 4 178 9 985
2 214 4 490 9 557 5 810 6 937 7 291 1 236 0 720 8 993 3 106
2 690 5 903 8 673 6 989 9 361 7 900 0 104 4 620 1 73 3 563
3 289 0 670 5 980 2 236 1 125 6 481 9 286 8 400 7 708 4 694
7 314 1 526 6 651 0 959 9 655 5 220 8 616 2 85 4 169 3 596
5 537 7 626 1 916 9 886 8 954 3 616 4 244 2 588 6 348 0 444
7 983 1 294 0 323 9 483 8 372 6 729 3 464 2 567 5 693 4 686
5 214 2 349 0 128 4 821 3 1000 1 583 8 228 9 645 6 423 7 801
5 182 0 369 8 89 1 634 2 842 4 976 9 604 3 953 6 463 7 496
1 947 8 121 6 339 9 968 7 319 3 811 2 470 0 881 4 447 5 182
4 819 6 97 5 234 9 670 2 273 7 508 8 649 0 750 3 736 1 662
1 34 7 923 5 790 6 17 4 519 9 726 3 937 0 616 2 548 8 733
9 535 4 718 1 343 3 352 5 473 8 310 2 539 0 539 7 390 6 816
2 381 4 157 5 435 9 596 6 495 0 219 7 97 8 374 1 466 3 513
7 407 5 510 9 750 8 534 4 654 0 970 1 205 3 643 6 908 2 843
1 446 4 697 9 487 2 113 3 990 6 244 7 891 5 340 8 336 0 391
3 615 4 784 5 949 1 829 2 194 9 659 0 359 7 377 8 715 6 95
2 287 3 731 1 334 0 983 7 806 8 400 6 394 5 895 4 97 9 980
7 887 5 108 1 941 8 247 2 893 0 461 9 82 3 593 6 591 4 821
4 821 9 203 3 223 8 598 7 477 0 412 2 811 6 180 1 86 5 364
7 405 4 787 3 652 8 361 1 680 9 725 2 239 0 171 6 438 5 828
6 989 4 14 5 182 9 953 3 86 7 292 8 963 2 974 0 809 1 164
4 504 9 726 1 971 0 347 7 920 5 183 8 87 6 389 2 138 3 945
7 601 1 288 5 97 0 54 8 669 6 654 9 657 4 22 3 605 2 29
0 301 5 781 1 263 2 420 3 958 9 219 7 668 4 20 8 14 6 881
7 509 3 312 0 51 8 931 2 881 4 331 6 726 1 534 5 601 9 893
6 795 1 223 7 652 3 577 5 84 9 557 2 870 8 598 4 38 0 972
6 11 4 912 1 772 0 207 3 618 8 530 7 610 2 529 9 548 5 915
7 346 3 368 2 108 1 538 4 530 6 503 8 456 9 15 0 655 5 671
9 846 8 175 0 507 5 457 4 778 7 323 3 121 1 794 2 435 6 102
1 249 6 523 7 838 0 17 8 359 2 548 4 729 5 357 3 774 9 701
1 122 9 821 3 250 4 601 5 640 0 213 8 27 2 703 6 655 7 354
4 494 1 590 3 241 5 112 9 589 2 828 0 912 8 122 6 150 7 987
8 832 2 953 9 769 0 425 3 881 6 644 7 402 1 930 4 906 5 449
8 735 6 972 9 865 3 429 0 676 4 335 7 927 2 885 1 338 5 391
5 8 9 2 0 350 1 207 6 392 7 987 2 437 3 980 4 897 8 769
9 765 4 171 5 809 7 748 2 279 6 904 1 888 0 13 8 393 3 988
9 552 2 48 4 576 6 458 0 821 3 465 1 778 7 422 8 820 5 575
0 873 3 978 1 495 8 193 4 612 9 655 6 526 7 716 5 631 2 92
8 938 9 990 7 435 2 630 3 634 6 130 1 777 4 100 5 113 0 616
9 367 8 614 2 447 0 144 3 157 1 578 5 931 6 403 7 17 4 154
0 706 8 831 6 534 7 197 2 305 4 85 1 355 9 216 3 775 5 112
8 464 4 289 3 854 2 299 1 804 5 488 6 392 9 56 0 962 7 931
9 197 6 113 2 505 0 308 4 18 3 45 1 354 8 969 5 726 7 241
5 493 8 143 1 295 4 183 9 444 3 876 0 346 7 432 6 761 2 912
1 247 5 66 6 715 8 687 4 898 2 438 3 515 7 158 9 821 0 312
7 702 3 111 2 491 1 484 0 283 6 90 9 247 4 506 8 364 5 58
4 795 6 629 3 641 9 154 2 782 0 13 1 583 5 306 7 885 8 663
0 808 9 834 4 105 6 942 8 389 7 721 5 689 2 417 1 70 3 186
7 270 2 65 8 841 6 204 4 212 3 540 0 113 9 669 1 449 5 795
3 974 9 18 2 38 6 524 5 2 1 5 8 818 0 109 7 468 4 84
6 998 2 350 4 853 3 722 9 683 0 129 1 880 5 468 7 584 8 121
6 775 5 794 1 895 0 708 3 248 7 887 8 951 2 751 9 662 4 223
8 44 3 940 7 956 9 141 5 506 0 554 1 996 6 134 2 217 4 450
4 206 9 893 3 850 2 721 7 316 6 180 8 840 0 503 5 330 1 300
5 162 1 2 2 507 7 849 9 749 0 160 4 926 6 420 8 998 3 663
4 72 3 38 6 260 1 171 9 667 2 350 8 388 5 787 7 291 0 984
7 286 1 464 2 993 8 651 5 613 3 572 0 769 4 412 6 988 9 346
7 998 4 180 1 332 0 272 5 270 3 899 8 802 2 174 9 240 6 559
7 13 3 642 0 905 4 749 2 765 9 761 5 61 8 267 6 111 1 683
0 363 9 239 3 717 2 676 7 410 6 704 4 146 8 163 1 207 5 375
1 675 7 537 2 769 3 537 0 833 5 767 4 731 9 588 8 227 6 28
5 144 6 915 4 65 1 202 8 534 2 904 9 587 0 780 3 736 7 813
8 760 2 630 7 295 3 703 6 106 4 65 1 803 0 984 5 742 9 978
5 4 9 448 1 353 4 941 0 85 7 534 3 670 8 435 2 744 6 520
5 21 4 581 2 124 6 349 8 701 0 772 3 962 9 323 7 314 1 15
5 680 6 899 9 386 0 184 2 940 3 261 4 153 8 931 1 827 7 624
0 740 8 4 6 226 2 634 7 706 3 564 9 312 4 977 1 871 5 496
2 135 3 764 1 402 8 422 9 655 0 513 4 398 7 532 6 547 5 67
9 526 1 79 7 879 8 303 3 209 5 21 0 742 2 371 6 126 4 7
4 523 5 468 3 913 8 231 9 285 7 283 1 810 0 18 6 526 2 444
1 767 0 633 3 540 6 970 5 872 8 674 2 502 7 834 4 152 9 142
1 43 9 130 4 211 8 231 3 219 6 862 0 307 2 760 5 441 7 335
6 485 9 425 1 864 5 344 3 664 0 773 7 363 2 223 4 853 8 89
5 377 8 523 0 250 3 916 1 565 2 840 4 377 9 774 6 892 7 597
8 574 6 902 9 791 7 118 1 525 5 564 3 712 4 563 2 314 0 95
3 441 1 404 4 474 2 451 5 263 9 695 7 294 0 755 8 750 6 768
5 224 7 640 9 799 6 923 2 549 8 283 3 332 0 145 1 675 4 557
4 101 6 757 0 948 3 336 2 98 1 810 7 257 9 184 8 128 5 123
9 250 3 436 2 945 0 422 1 169 7 100 6 164 5 158 4 134 8 230
4 435 8 611 5 789 9 184 3 371 1 920 2 684 0 412 6 847 7 745
9 40 6 779 4 285 2 967 5 144 7 671 3 650 8 354 0 209 1 298
0 209 7 826 4 304 6 924 5 110 1 481 9 254 2 77 8 905 3 256
1 101 4 144 9 734 3 469 6 617 2 455 0 234 7 502 8 386 5 73
2 856 9 517 1 990 0 725 3 185 6 871 7 963 4 985 5 113 8 594
6 938 9 524 7 438 8 603 2 455 0 252 4 668 1 530 5 253 3 260
3 740 4 42 8 710 7 998 5 331 2 961 9 592 1 521 6 902 0 88
3 404 0 479 8 339 5 383 6 944 9 358 1 427 4 313 7 635 2 1
3 420 8 191 5 592 9 282 1 171 0 27 2 44 7 846 4 735 6 163
5 970 8 396 6 808 3 448 4 270 9 660 7 13 2 899 1 935 0 657
3 853 9 947 6 973 4 458 0 574 5 389 8 601 2 378 1 354 7 224
1 812 0 146 5 359 9 3 2 272 7 952 4 389 6 782 8 178 3 223
2 346 0 962 7 257 6 330 5 745 1 990 4 833 3 54 9 762 8 511
7 856 0 483 2 787 1 186 4 562 6 150 3 635 9 985 8 207 5 950
2 87 3 369 5 169 0 265 9 670 1 140 8 28 7 507 6 727 4 511
5 102 3 699 0 866 2 362 8 639 6 977 9 788 1 183 7 914 4 415
5 532 8 73 6 360 3 668 2 362 4 851 1 542 0 71 7 479 9 713
5 229 9 630 4 424 3 415 1 575 6 290 7 564 2 805 8 793 0 327
3 741 0 331 4 92 2 213 5 419 8 71 9 150 1 246 7 844 6 256
0 677 5 477 6 96 7 125 2 756 4 375 3 432 9 479 1 782 8 33
9 350 1 392 8 926 3 245 5 784 6 919 7 281 4 218 0 454 2 810
4 948 0 854 6 323 2 886 9 439 5 627 1 969 7 725 3 91 8 580
8 485 2 276 6 703 1 107 4 521 7 448 9 86 5 392 0 168 3 533
1 221 9 335 4 636 8 411 2 688 7 695 6 459 0 877 5 20 3 99
3 288 8 295 4 111 5 774 2 462 9 955 1 668 0 720 6 352 7 328
5 698 4 983 8 907 2 872 0 700 9 228 7 821 6 565 3 387 1 948
6 318 3 519 0 496 4 559 1 180 9 820 2 550 7 112 5 686 8 948
7 251 1 226 4 910 6 56 2 280 3 915 9 521 8 903 5 302 0 255
8 731 4 692 0 320 2 612 3 219 7 480 6 151 1 661 9 534 5 767
1 160 6 614 8 783 5 746 4 770 9 699 3 452 2 824 0 428 7 461
0 364 9 545 1 259 6 386 5 268 4 729 8 481 7 912 2 88 3 494
9 289 6 566 8 583 1 310 4 623 3 182 5 104 7 15 0 317 2 371
7 961 9 556 4 663 8 491 3 966 6 129 2 264 0 553 1 574 5 484
6 406 7 810 1 953 4 944 3 216 5 17 8 701 0 343 2 424 9 65
2 288 3 731 1 851 6 847 9 936 8 113 0 140 7 442 5 294 4 890
1 873 9 800 5 257 2 416 4 486 8 830 7 375 0 105 3 469 6 723
0 102 2 163 8 216 4 674 1 201 9 556 3 741 7 722 5 670 6 669
0 479 5 787 8 716 1 179 4 221 3 511 6 730 2 185 9 716 7 203
0 474 2 397 4 736 9 913 7 68 6 541 8 120 1 588 5 127 3 174
5 286 2 894 7 370 1 81 9 718 0 329 8 865 4 931 6 318 3 336
0 323 9 535 1 788 7 169 6 376 4 953 3 174 2 715 8 8 5 954
9 473 3 270 7 159 1 971 4 341 6 858 0 964 8 848 5 88 2 823
2 49 0 27 5 327 7 894 8 276 3 370 1 796 6 972 4 260 9 910
5 672 9 417 0 856 4 49 1 105 3 272 6 945 8 379 7 135 2 533
1 359 6 576 3 985 9 221 4 841 7 105 2 405 8 263 0 294 5 862
3 396 8 974 5 337 7 70 4 603 0 319 9 594 1 882 2 494 6 126
9 694 5 412 0 239 3 863 1 488 4 79 6 884 2 475 7 497 8 835
8 679 0 314 9 651 3 855 1 478 4 615 7 52 6 619 5 379 2 876
9 502 3 362 0 398 1 266 5 219 8 224 6 735 7 245 4 421 2 502
1 456 5 435 7 492 8 583 6 302 9 79 0 864 2 645 4 632 3 126
8 750 7 621 5 663 4 141 1 608 3 172 0 430 2 757 9 213 6 524
7 964 5 653 8 432 3 448 2 404 0 770 9 932 6 616 1 22 4 260
8 508 5 504 2 718 1 704 4 544 0 411 9 929 6 750 3 900 7 568
3 152 1 790 4 467 6 86 5 398 2 956 8 274 7 370 0 603 9 773
6 287 1 417 3 979 7 541 5 215 2 348 9 233 8 823 0 366 4 464
5 260 2 176 1 314 9 70 0 156 4 968 6 457 7 366 8 814 3 726
2 352 1 618 8 826 3 327 7 789 9 754 5 102 0 194 4 892 6 117
2 419 7 947 8 574 3 350 5 573 0 954 1 104 4 122 9 745 6 215
7 16 9 684 1 902 4 61 2 346 6 67 5 526 0 168 3 160 8 242
2 318 5 12 8 56 4 97 1 473 3 147 6 615 7 901 9 795 0 491
2 451 1 281 4 65 3 130 8 311 0 934 9 678 6 750 7 463 5 703
9 255 4 573 0 235 2 354 7 480 3 654 8 537 1 947 5 272 6 611
4 883 0 99 3 727 6 508 8 551 5 152 1 33 7 192 9 613 2 314
8 26 1 146 6 995 5 554 9 48 3 246 4 52 7 926 2 744 0 687
2 816 6 701 4 49 3 374 9 173 0 636 5 853 8 753 7 187 1 490
6 462 7 221 0 885 4 535 1 109 9 833 8 306 2 59 3 109 5 674
9 691 4 894 5 543 2 300 3 120 6 372 0 198 8 324 7 276 1 690
9 546 1 839 4 775 3 90 0 538 2 349 6 409 5 870 7 186 8 624
6 115 0 69 1 604 8 339 3 490 4 447 2 267 5 57 9 677 7 823
9 163 2 300 5 982 4 396 1 933 0 926 8 661 3 323 7 230 6 935
5 944 4 845 0 438 8 955 6 487 1 945 3 166 7 807 2 387 9 126
0 42 5 392 1 159 9 534 6 183 4 249 2 646 3 18 7 718 8 247
5 836 1 270 7 862 8 266 9 105 3 777 0 264 6 290 4 328 2 276
9 524 6 499 7 166 1 388 0 745 8 559 3 725 4 230 5 497 2 223
6 800 9 910 8 154 2 213 5 929 3 683 0 833 1 665 7 374 4 602
1 402 7 574 5 418 3 470 6 954 8 377 9 16 0 497 4 269 2 13
3 691 6 90 9 931 4 181 8 296 5 107 1 366 2 335 7 973 0 773
7 31 9 929 4 339 8 346 2 70 0 308 6 790 1 511 3 479 5 897
4 797 8 132 9 9 6 260 1 733 2 938 3 75 5 932 0 416 7 312
0 784 5 115 8 491 6 713 3 329 1 648 9 245 4 357 7 337 2 431
7 675 5 42 0 220 1 722 2 232 9 104 3 768 6 430 4 466 8 526
9 110 6 261 2 8 3 68 5 922 0 51 4 223 1 982 8 189 7 39
9 628 6 321 7 660 2 896 0 171 4 621 3 793 5 481 1 518 8 191
8 671 2 635 7 18 4 282 5 28 9 621 1 851 6 657 0 103 3 314
0 88 8 556 6 920 4 576 5 217 1 629 9 887 3 544 7 253 2 22
0 964 2 751 3 336 9 504 1 934 5 160 6 673 4 458 8 391 7 331
1 417 3 549 5 612 0 6 4 175 8 760 2 283 7 551 6 457 9 436
5 965 1 843 7 709 8 78 9 394 4 622 2 742 0 468 3 308 6 703
7 850 0 398 9 76 6 975 3 848 2 387 8 57 5 271 1 103 4 685
9 487 6 547 2 433 4 394 3 355 1 198 8 654 5 951 0 37 7 819
7 661 6 355 3 926 0 141 8 69 2 166 1 49 5 564 9 274 4 956
1 206 2 557 0 420 5 914 7 801 4 44 9 105 8 852 6 738 3 312
9 722 5 464 7 253 1 492 0 386 4 915 2 537 3 286 6 827 8 837
0 606 5 517 7 27 3 939 6 439 1 748 9 772 8 434 4 463 2 629
3 634 9 987 8 745 7 740 5 597 6 463 4 591 1 337 0 438 2 16
8 788 5 617 1 342 6 745 0 509 2 218 7 713 9 75 3 481 4 361
5 682 0 77 6 914 9 778 2 392 7 832 1 196 4 763 3 958 8 588
6 738 4 981 0 161 1 795 5 360 2 48 3 2 9 736 8 770 7 43
5 907 9 546 4 396 6 988 3 614 2 59 1 11 7 2 0 897 8 175
5 792 0 860 6 158 9 596 2 685 8 485 1 23 7 837 4 8 3 375
2 902 8 978 0 420 7 681 1 235 6 1000 4 399 5 487 9 967 3 961
4 87 7 565 0 36 3 815 9 589 2 631 5 807 6 146 8 419 1 527
7 406 8 467 9 73 3 356 4 244 2 452 6 123 1 659 0 444 5 407
2 719 3 5 1 594 7 592 0 619 9 781 8 84 5 559 4 603 6 252
0 103 6 486 8 624 2 643 1 478 5 243 7 884 3 732 4 877 9 482
1 417 6 765 8 69 9 371 4 401 2 859 3 712 7 715 0 89 5 831
6 451 3 657 0 639 7 831 4 700 1 24 8 882 9 28 5 481 2 100
8 616 4 338 5 367 3 387 0 162 7 250 1 596 2 81 6 68 9 624
7 196 3 631 9 401 5 433 4 600 1 802 8 92 0 54 6 374 2 380
7 281 4 557 1 497 0 425 5 185 8 50 9 752 2 679 6 316 3 538
9 964 3 58 1 761 6 679 7 147 2 164 8 713 5 605 4 403 0 558
3 522 5 599 2 352 4 206 6 191 9 975 0 517 7 509 8 349 1 801
2 753 8 587 7 48 9 514 4 857 0 960 5 339 6 938 3 188 1 474
3 719 7 835 9 956 6 495 2 723 1 181 5 311 4 814 8 690 0 24
5 61 0 166 6 674 2 485 1 420 3 946 7 736 8 770 9 424 4 295
8 320 5 752 7 150 6 124 9 666 4 617 3 223 1 557 2 617 0 219
0 434 3 572 9 998 6 212 5 802 2 876 1 81 8 370 4 407 7 747
5 119 1 424 9 728 6 252 3 343 7 398 2 142 0 758 4 302 8 686
0 107 8 181 2 626 9 534 5 769 7 43 1 836 6 359 3 432 4 922
8 70 7 185 3 263 0 176 1 660 9 993 2 12 4 968 5 48 6 392
2 638 7 385 4 213 8 65 3 623 9 405 0 573 1 494 6 144 5 584
1 774 4 743 8 476 9 987 6 407 3 273 0 422 5 452 7 648 2 535
7 615 9 372 3 223 0 656 8 951 5 469 4 783 1 876 2 13 6 557
0 115 9 572 1 106 3 483 4 209 2 357 7 255 8 493 5 537 6 193
6 254 5 163 0 804 7 418 1 598 9 796 8 82 4 508 3 465 2 532
7 883 1 654 9 968 2 182 8 751 0 508 5 590 3 412 6 506 4 948
3 857 2 288 5 551 1 34 4 541 0 653 8 501 6 99 7 874 9 903
0 503 4 458 3 46 5 572 2 645 9 115 7 822 1 661 8 927 6 746
9 141 0 557 7 610 8 439 1 575 5 462 3 379 2 928 4 799 6 890
4 713 3 242 2 509 6 460 8 103 5 870 9 475 0 747 1 647 7 820
9 974 4 976 7 2 6 311 2 562 0 885 3 187 5 37 8 926 1 722
8 883 0 528 5 383 6 965 9 279 3 606 2 33 1 365 7 999 4 706
6 168 3 124 5 368 9 388 7 556 0 454 8 664 2 324 4 554 1 306
8 417 6 678 5 943 7 396 1 822 3 818 2 831 0 684 4 107 9 116
8 76 1 271 4 954 6 419 0 499 2 127 5 608 3 383 7 369 9 594
7 62 0 484 6 571 1 60 5 850 4 566 3 266 8 418 9 326 2 928
5 684 2 756 9 664 0 588 6 423 4 14 3 201 8 137 1 137 7 500
1 90 7 932 0 972 4 935 5 599 2 213 8 317 9 536 6 471 3 416
0 339 5 991 3 956 9 51 6 164 8 288 2 949 7 666 1 827 4 579
8 452 6 301 4 166 3 271 5 1 9 771 0 708 1 803 7 132 2 142
0 668 3 48 4 914 9 858 7 336 5 158 2 183 1 963 8 441 6 738
0 122 7 2 4 387 3 257 8 190 6 539 1 185 2 387 9 908 5 999
9 820 0 414 5 958 4 201 8 716 7 950 6 711 3 22 2 945 1 423
3 294 1 238 5 627 2 759 8 585 6 138 4 718 0 338 9 837 7 625
6 274 7 218 5 828 1 963 8 262 0 171 3 912 9 529 2 196 4 209
9 259 1 430 2 576 6 255 8 977 5 878 0 930 4 677 3 461 7 506
4 635 3 269 0 264 2 461 5 724 9 842 1 9 6 783 7 385 8 69
4 494 6 523 5 85 1 861 9 128 8 62 2 127 7 986 3 645 0 599
9 498 2 967 7 526 0 669 1 67 4 529 8 305 5 802 3 475 6 232
3 785 0 386 9 684 2 490 6 825 8 575 4 713 7 790 1 608 5 517
8 198 0 643 7 445 4 493 6 542 9 174 5 868 3 592 1 979 2 810
0 305 6 322 3 391 9 119 2 121 5 96 4 330 8 17 7 529 1 631
6 541 3 20 8 486 7 939 5 994 0 889 2 610 9 296 4 431 1 176
3 712 9 777 6 855 1 306 8 199 5 82 2 8 4 913 0 491 7 404
1 724 6 790 4 433 3 221 9 599 8 479 5 240 7 618 2 287 0 627
3 477 7 738 9 490 2 883 4 559 6 599 0 321 1 39 8 322 5 916
2 417 8 986 1 711 9 518 5 770 0 812 3 328 4 376 6 889 7 482
6 408 8 679 1 752 7 11 3 409 0 526 5 198 4 649 2 415 9 895
6 481 9 130 5 866 4 967 3 886 0 59 8 354 2 269 7 819 1 576
3 699 0 55 8 845 7 858 2 575 6 616 5 555 4 397 1 314 9 746
0 731 5 549 3 97 2 324 4 162 8 597 1 828 9 720 7 591 6 275
1 715 6 532 3 657 8 883 4 100 2 306 9 191 5 215 0 706 7 142
7 422 2 520 5 809 9 812 3 277 8 27 4 782 6 484 1 188 0 403
1 524 8 763 7 211 2 551 9 505 5 703 6 599 3 399 0 271 4 54
6 511 2 496 8 654 7 820 4 141 9 634 1 678 3 207 5 895 0 459
9 75 8 728 3 469 5 666 6 345 0 345 7 382 1 753 4 615 2 93
8 395 6 544 0 96 5 632 7 285 9 538 3 780 1 925 4 634 2 206
0 765 8 398 4 714 3 101 9 645 2 971 7 968 1 298 6 165 5 690
1 443 3 307 2 80 4 167 8 117 0 651 9 935 7 192 6 883 5 649
2 917 9 584 0 163 3 952 8 146 7 950 4 740 1 788 6 477 5 177
7 807 2 166 4 515 0 394 3 123 8 884 6 452 9 550 5 430 1 544
8 596 5 815 4 703 9 155 6 671 3 790 1 648 2 846 0 54 7 438
2 762 4 829 6 230 0 96 5 712 1 105 8 839 7 223 9 230 3 880
3 330 8 87 1 218 5 914 6 804 7 775 9 304 2 3 0 463 4 632
6 443 8 48 5 264 0 697 7 703 4 8 3 819 9 337 1 972 2 224
3 10 8 512 7 637 5 379 6 261 0 241 4 551 1 37 2 931 9 424
0 981 4 242 7 86 2 188 1 368 6 215 3 165 5 466 9 915 8 940
8 987 3 518 1 396 4 77 7 532 2 654 6 735 5 524 9 848 0 117
8 797 9 349 4 640 1 168 2 513 7 230 0 558 3 152 6 203 5 816
0 129 8 189 9 934 1 798 7 133 2 292 3 716 4 881 6 945 5 245
4 793 1 525 8 122 5 635 2 340 3 876 6 973 9 128 0 610 7 269
5 458 9 413 6 733 7 337 3 908 2 171 4 298 8 650 0 108 1 945
7 96 2 175 3 110 4 866 5 740 6 984 9 267 0 674 1 674 8 923
3 565 1 261 0 773 8 41 4 473 2 772 6 368 7 785 5 759 9 101
7 693 5 870 3 157 6 189 9 338 4 703 2 513 8 157 0 388 1 259
7 381 2 982 3 531 9 158 5 869 4 211 1 117 0 741 6 116 8 114
8 614 0 394 3 228 4 638 1 85 2 500 6 917 5 668 9 402 7 863
6 797 4 279 7 84 5 83 3 205 8 154 1 191 9 68 0 276 2 490
9 970 6 597 1 868 7 854 0 678 2 537 3 26 8 707 5 483 4 576
6 596 7 616 9 477 1 866 3 27 2 987 0 779 8 363 4 968 5 695
7 512 6 843 3 827 8 771 4 818 5 176 2 318 9 599 1 784 0 99
5 768 1 949 4 97 8 516 9 493 2 34 0 32 3 395 7 59 6 224
4 67 8 900 6 263 7 465 0 986 3 302 2 262 9 186 5 140 1 64
8 448 3 506 7 117 9 344 4 782 2 893 5 685 6 754 1 124 0 305
8 930 9 425 6 314 0 356 5 533 3 237 2 636 1 728 4 346 7 145
9 537 8 604 3 945 7 735 6 89 5 905 4 57 0 403 2 632 1 422
7 484 9 993 8 263 2 160 6 14 1 660 5 529 3 809 0 999 4 715
7 379 2 387 4 920 8 914 5 941 0 10 9 906 1 763 6 429 3 987
9 794 8 470 2 947 0 525 4 600 5 980 7 278 6 323 3 575 1 748
5 349 1 674 8 119 9 569 3 971 2 869 4 758 6 208 7 697 0 491
0 941 9 489 7 343 4 802 1 726 3 201 2 462 6 618 5 395 8 666
2 444 7 416 9 90 6 816 0 210 3 525 8 310 1 872 4 195 5 355
8 359 3 527 5 642 0 876 7 216 9 772 1 510 4 182 6 753 2 803
0 882 2 87 1 907 6 567 7 213 4 217 9 785 8 307 5 744 3 321
7 430 2 286 9 173 6 282 4 945 0 521 3 685 1 489 5 101 8 245
1 274 0 141 7 37 5 246 6 955 4 630 9 788 8 830 3 774 2 823
7 459 8 695 0 119 4 440 5 476 3 905 9 359 1 228 2 579 6 908
4 704 3 556 6 805 0 947 1 252 9 550 7 536 8 893 5 734 2 342
6 594 4 633 2 528 7 390 9 981 0 733 3 243 8 485 5 407 1 763
5 645 9 322 8 249 7 673 4 613 6 372 2 933 3 515 1 682 0 184
0 514 7 215 8 65 9 85 3 165 4 829 1 605 6 391 2 501 5 593
4 897 1 798 5 8 9 463 6 17 0 58 2 36 7 121 3 487 8 893
8 253 1 159 6 169 4 917 0 733 5 700 2 319 7 461 3 515 9 146
6 714 9 776 2 474 7 289 8 672 4 209 0 721 5 377 3 613 1 969
8 707 1 713 7 403 4 854 9 405 0 259 5 225 6 596 3 197 2 582
5 722 7 946 4 202 6 679 2 837 0 628 3 686 8 901 1 674 9 649
0 799 3 688 6 484 2 168 8 669 5 422 9 105 1 564 4 463 7 841
0 326 8 521 1 534 2 984 9 919 6 329 3 35 7 129 5 741 4 184
6 660 0 824 4 49 2 632 9 129 3 142 7 228 5 546 8 133 1 568
3 993 5 930 9 536 7 267 6 890 4 245 2 641 0 489 8 183 1 914
4 9 0 715 7 357 1 186 5 891 2 460 8 354 9 445 3 95 6 605
8 559 5 459 1 358 7 98 6 975 4 923 2 311 9 880 0 436 3 675
2 864 4 257 8 257 1 813 9 664 0 222 7 81 5 523 6 489 3 839
6 494 2 71 5 420 7 874 3 686 8 713 1 493 4 838 0 840 9 213
6 773 9 827 3 213 1 872 0 805 4 433 7 401 8 439 5 96 2 137
0 8 2 20 9 826 6 867 8 973 7 446 1 605 4 68 3 398 5 644
1 146 4 796 3 219 9 862 8 132 7 570 6 621 0 281 2 120 5 101
4 820 2 988 5 48 3 376 9 465 0 619 7 144 1 208 6 626 8 424
1 264 2 213 9 492 0 760 8 751 7 571 6 370 5 521 3 265 4 188
0 315 2 839 3 695 8 939 5 442 9 341 1 548 7 63 6 87 4 70
3 840 2 955 5 563 0 656 7 142 8 94 6 424 4 241 1 952 9 252
5 127 0 225 2 658 8 584 1 515 3 860 7 788 4 540 6 667 9 722
7 552 9 359 4 549 8 365 3 324 1 465 6 534 0 815 5 818 2 46
7 358 4 597 5 562 9 477 2 240 0 675 8 65 1 971 6 335 3 917
4 795 8 209 2 355 1 568 6 915 0 895 9 987 5 931 7 76 3 707
1 85 3 949 0 552 7 618 2 921 6 868 8 325 5 562 4 548 9 287
7 672 5 650 9 183 6 681 8 905 0 566 2 375 3 707 1 822 4 194
9 80 0 324 3 131 1 146 7 475 4 383 2 759 5 981 6 591 8 529
3 259 7 28 8 115 4 974 5 723 1 314 2 25 9 256 6 135 0 513
7 863 6 722 5 931 8 654 1 647 4 55 3 289 2 355 0 46 9 690
4 657 8 488 3 721 6 521 2 479 0 196 5 843 7 139 1 634 9 469
6 179 8 3 2 181 4 74 7 642 5 929 9 894 1 722 3 963 0 411
1 308 0 579 7 363 8 253 4 126 2 576 5 360 3 674 6 751 9 968
9 430 1 261 5 413 3 455 8 220 6 65 0 528 7 547 4 54 2 969
3 720 2 61 4 867 0 660 6 759 8 538 5 438 1 929 9 389 7 918
9 522 2 620 3 539 8 900 7 350 0 26 5 959 6 251 4 568 1 486
4 734 0 48 9 542 2 976 5 71 3 852 8 895 6 615 7 460 1 243
3 216 4 995 0 580 9 977 5 547 8 9 7 852 1 416 2 170 6 828
4 596 1 26 5 825 2 468 9 477 0 471 7 33 6 238 3 296 8 300
7 57 8 312 1 442 3 472 0 303 6 759 9 212 2 276 5 773 4 527
5 918 0 967 7 790 3 574 6 435 8 899 4 823 9 613 2 960 1 287
9 122 1 748 8 670 3 794 7 86 5 113 2 672 0 849 4 235 6 157
6 470 3 957 7 745 9 659 0 575 2 940 1 216 5 622 8 357 4 538
7 433 4 830 1 530 9 3 8 468 3 622 0 121 2 624 5 123 6 501
9 752 3 740 2 611 8 454 7 329 5 714 1 115 0 895 4 367 6 869
6 734 3 331 5 117 9 803 4 770 2 820 0 34 1 807 7 482 8 904
3 785 4 938 5 409 9 183 0 445 2 941 7 157 1 95 6 434 8 261
0 755 5 115 3 286 4 595 9 705 2 854 1 423 8 119 6 294 7 328
0 582 7 560 2 454 9 196 6 313 8 323 1 450 5 438 4 838 3 630
8 148 2 619 0 266 3 576 1 360 4 870 5 354 9 423 6 245 7 780
4 641 8 485 5 507 0 710 1 665 2 751 6 215 3 225 7 69 9 59
6 594 4 731 5 298 8 606 7 80 2 755 9 549 3 176 1 907 0 413
3 479 1 709 7 808 4 594 9 926 0 432 2 625 8 944 6 885 5 662
4 602 2 779 0 196 9 236 7 767 1 167 5 962 6 357 8 418 3 385
3 686 0 332 9 467 5 401 8 397 2 355 1 207 7 662 6 950 4 134
1 507 0 390 7 490 2 991 6 738 4 904 5 439 3 855 9 738 8 825
6 131 3 165 5 277 9 590 4 317 7 990 8 371 1 436 2 407 0 841
7 453 4 482 8 703 5 117 6 140 3 736 1 350 2 434 9 744 0 831
3 552 5 969 0 909 8 300 1 385 4 385 6 543 2 106 9 345 7 447
4 310 0 867 2 302 9 633 6 948 7 59 5 145 8 359 3 972 1 41
7 27 3 966 5 157 2 490 1 637 0 874 4 611 9 476 8 534 6 208
1 679 4 644 5 895 8 637 9 981 7 420 0 123 3 375 2 107 6 405
1 482 3 142 6 345 4 796 5 764 0 198 9 283 8 644 2 507 7 211
5 4 4 33 3 2 7 697 2 573 6 844 8 554 1 744 9 211 0 840
1 435 4 544 7 799 8 143 0 438 5 839 2 630 6 73 3 41 9 580
0 529 2 267 9 156 3 375 6 463 4 472 5 785 7 999 1 414 8 183
3 681 1 823 2 544 8 304 6 672 0 846 5 898 9 260 4 26 7 721
4 168 0 840 5 576 6 368 9 780 1 357 8 754 7 578 2 254 3 848
5 969 6 901 9 125 1 553 2 36 0 966 8 900 3 858 7 591 4 993
3 799 5 214 7 413 2 422 9 636 4 59 8 714 6 824 0 343 1 45
9 339 2 467 7 38 5 553 4 577 3 169 8 691 6 26 1 320 0 969
8 640 0 996 4 53 6 678 5 836 3 403 7 854 9 823 1 180 2 510
4 572 3 911 7 13 8 574 5 404 1 427 6 101 2 813 9 323 0 716
4 841 8 309 7 903 6 945 0 777 5 270 1 474 9 770 2 696 3 858
9 249 0 306 3 544 4 865 2 812 7 546 1 458 5 101 6 566 8 166
8 451 3 505 5 483 9 287 7 690 6 891 1 937 2 900 4 517 0 850
6 696 9 326 5 779 8 406 2 635 3 567 0 445 1 483 7 216 4 925
3 174 9 321 6 580 8 760 0 74 7 868 5 903 1 70 4 42 2 275
6 751 7 336 1 901 0 110 8 617 2 683 4 810 3 233 5 730 9 149
3 985 2 151 6 443 9 489 5 706 8 61 0 115 7 129 1 198 4 525
5 550 6 479 7 154 3 427 8 435 0 880 2 745 9 200 4 828 1 197
5 65 8 976 2 414 9 248 3 430 7 378 4 105 0 751 1 202 6 84
1 465 0 376 5 358 6 944 2 842 7 250 8 770 4 262 3 723 9 235
5 40 1 39 9 17 0 531 6 103 8 164 7 204 4 964 2 403 3 433
8 998 9 604 4 706 5 26 3 247 1 545 0 866 2 832 6 647 7 737
1 613 8 215 2 67 3 138 4 62 5 95 0 256 6 708 7 294 9 517
8 374 9 697 5 551 2 926 1 107 7 278 6 90 3 696 0 841 4 346
8 883 6 988 9 321 4 567 2 658 3 347 5 366 1 401 7 269 0 892
8 375 9 394 4 768 1 312 7 196 5 952 2 583 0 170 6 322 3 140
7 626 5 198 2 345 3 480 8 447 0 61 1 994 6 36 9 134 4 26
7 774 8 844 6 877 1 533 3 162 5 370 0 228 2 881 4 791 9 363
7 891 4 227 0 437 3 529 5 231 1 729 8 128 9 5 6 235 2 637
4 323 5 30 0 715 2 821 6 472 9 211 3 820 1 81 7 369 8 232
3 448 6 968 9 809 0 128 5 77 2 614 8 388 4 480 7 197 1 470
8 821 2 92 9 576 5 544 7 366 6 592 1 13 0 584 4 562 3 373
9 600 2 963 8 607 4 318 3 773 7 302 0 903 5 349 1 970 6 997
5 501 1 63 7 811 3 740 2 220 0 897 8 407 6 517 9 459 4 966
6 96 5 863 4 917 0 198 8 704 2 368 9 461 3 28 1 343 7 215
6 223 5 932 4 360 3 864 8 378 2 79 0 667 9 93 1 225 7 516
4 158 3 229 0 865 8 101 6 428 5 819 2 980 7 675 9 407 1 758
5 124 8 199 6 354 3 984 0 883 9 791 7 631 1 254 2 535 4 961
9 248 6 571 0 627 4 478 5 281 2 217 3 121 1 902 7 290 8 221
0 388 9 420 5 706 4 766 1 825 2 101 7 678 6 602 3 397 8 427
1 186 0 340 6 801 7 521 9 862 5 430 8 387 3 786 2 434 4 934
3 631 7 106 6 340 9 377 4 994 2 248 8 646 1 809 0 382 5 806
1 597 4 524 8 810 0 815 7 915 2 443 6 241 9 540 3 294 5 187
1 291 5 427 9 578 4 763 8 224 0 949 7 945 2 770 6 360 3 202
9 683 0 901 1 737 3 732 6 897 5 515 7 328 4 644 8 2 2 421
8 800 1 860 2 960 6 4 0 584 5 491 4 381 3 1000 7 646 9 334
1 840 7 571 5 657 3 849 2 44 8 792 4 413 9 26 6 623 0 899
4 104 5 174 6 879 1 975 8 65 2 546 3 376 0 198 9 640 7 312
1 739 7 264 3 352 9 524 8 153 4 34 5 289 2 98 0 829 6 554
3 475 6 526 1 503 2 550 4 332 9 880 0 788 5 862 8 258 7 770
0 515 3 420 5 789 9 471 8 619 2 550 4 451 6 633 7 112 1 461
7 751 6 63 0 596 2 46 4 564 9 266 1 401 3 627 8 939 5 954
1 645 2 197 5 220 7 105 3 951 9 847 4 848 0 36 6 894 8 714
0 149 6 290 8 225 7 377 5 723 9 322 4 121 1 704 2 716 3 261
3 618 4 278 6 417 1 261 7 192 9 44 5 471 0 33 2 7 8 545
3 720 9 686 0 875 2 123 1 453 6 435 5 445 4 492 8 585 7 193
8 575 9 607 7 145 5 397 3 590 0 733 6 144 2 468 1 790 4 49
7 807 4 794 0 781 2 52 9 850 1 654 6 29 3 205 5 349 8 813
7 637 9 545 5 349 6 258 0 321 1 371 4 307 3 519 2 13 8 712
4 115 2 443 5 25 1 113 7 195 3 688 8 758 6 654 0 638 9 375
7 967 3 204 8 17 1 475 0 770 9 138 2 101 6 15 4 134 5 686
2 43 4 532 0 55 8 455 9 150 1 730 3 516 5 190 7 473 6 994
4 994 1 6 8 489 9 967 3 913 0 733 6 901 2 111 5 500 7 958
0 339 6 937 9 454 2 837 4 332 7 205 3 616 5 990 8 599 1 170
5 15 8 162 9 460 0 608 2 938 6 919 1 686 7 451 3 281 4 386
6 771 0 432 8 425 1 460 5 424 9 743 4 252 7 198 3 149 2 701
8 341 3 195 5 633 2 381 9 441 6 393 1 918 7 707 0 969 4 378
7 548 4 957 2 908 3 533 9 484 0 630 8 601 6 796 1 658 5 983
0 202 9 179 1 534 8 484 3 365 2 636 7 372 6 321 4 180 5 657
2 647 1 679 6 748 0 999 4 220 5 255 7 178 8 611 9 210 3 986
4 985 9 540 6 128 1 395 3 977 5 516 2 775 8 153 7 633 0 524
9 167 5 820 1 173 2 139 0 797 6 931 3 602 8 123 7 193 4 312
2 798 3 321 8 605 6 785 9 198 0 383 5 226 4 684 1 295 7 383
5 365 0 598 4 69 8 102 2 95 6 8 7 570 1 146 3 506 9 318
9 30 2 130 0 774 1 829 6 733 4 9 5 420 7 977 3 950 8 606
3 122 2 368 9 783 4 866 1 525 6 86 0 950 7 999 8 541 5 398
3 754 8 122 0 506 9 138 6 121 2 581 1 108 7 904 5 131 4 892
3 576 8 17 7 531 2 801 6 758 0 670 4 469 1 414 9 607 5 97
8 618 2 583 7 877 0 685 9 865 1 185 4 466 3 380 6 753 5 515
1 450 7 875 2 729 9 503 4 621 6 603 0 664 8 957 3 588 5 535
9 648 4 437 6 525 2 861 1 572 3 222 0 394 5 875 8 523 7 584
9 115 2 840 0 597 8 323 1 404 4 244 3 650 5 297 7 833 6 4
1 794 7 319 8 373 5 526 6 431 2 907 4 538 0 981 3 590 9 578
7 707 2 849 5 221 3 889 9 518 8 887 1 734 4 406 6 669 0 729
2 665 9 779 3 803 4 657 6 289 5 757 8 531 7 39 1 388 0 263
8 884 7 661 0 342 9 278 5 834 6 11 3 431 1 769 4 806 2 643
2 248 3 384 8 909 1 603 6 518 4 141 0 317 5 651 7 749 9 883
9 612 7 458 6 261 8 81 1 411 0 266 5 266 2 203 4 856 3 164
0 925 9 494 1 465 6 585 2 96 3 238 8 308 7 830 5 591 4 502
6 988 1 266 5 218 4 514 0 805 9 304 8 591 3 4 2 97 7 820
7 356 9 618 2 227 6 692 4 858 5 729 0 960 1 628 3 933 8 248
5 581 1 358 7 840 4 179 9 460 3 20 8 189 6 921 2 592 0 331
6 418 2 269 1 48 5 438 9 359 0 830 4 177 8 596 7 636 3 371
7 771 1 863 6 720 4 999 0 933 2 410 8 828 5 556 3 501 9 654
6 893 3 240 1 783 5 281 9 688 4 809 0 223 2 163 7 288 8 813
2 402 1 238 4 628 7 218 6 798 8 554 0 380 9 279 5 419 3 755
6 873 0 461 3 41 9 824 1 100 2 422 8 544 4 272 5 118 7 112
9 846 5 738 0 343 8 350 7 498 3 385 2 403 4 4 1 112 6 698
4 478 9 204 6 438 5 708 8 248 7 330 2 899 1 459 0 676 3 768
1 855 5 161 9 794 3 375 2 790 6 842 0 85 8 899 7 222 4 738
1 998 9 57 8 351 5 853 2 111 7 295 6 474 4 618 0 180 3 496
1 730 6 637 9 299 0 108 5 439 3 440 7 684 4 720 8 50 2 205
0 508 4 478 9 499 3 923 8 52 1 788 7 894 5 170 2 854 6 497
9 332 5 156 8 839 7 226 2 381 1 298 0 720 6 872 4 395 3 729
3 950 8 115 5 993 4 679 9 858 1 447 7 651 2 190 6 43 0 913
4 312 7 611 0 575 8 142 9 81 2 195 3 769 1 912 6 37 5 932
6 876 4 622 0 677 8 515 5 725 7 463 1 179 9 127 2 694 3 259
8 64 7 400 5 991 2 334 1 618 0 821 6 808 3 466 4 516 9 114
9 1 7 567 6 391 4 466 8 802 0 354 1 423 2 599 3 622 5 640
0 696 5 915 2 746 6 365 9 575 7 585 8 44 1 989 4 845 3 749
0 406 9 973 1 230 6 581 5 338 4 959 8 536 2 907 3 448 7 249
5 7 4 272 8 522 1 361 6 877 9 598 7 704 3 559 2 479 0 258
9 807 4 135 3 370 1 628 7 829 5 401 6 372 8 140 0 16 2 423
5 352 6 515 2 52 7 754 1 145 0 755 4 763 9 481 3 919 8 412
6 118 3 272 8 367 5 724 4 650 7 137 1 733 9 698 2 318 0 361
6 317 1 120 4 129 0 553 3 984 7 274 8 208 5 903 9 281 2 431
1 501 9 105 7 902 0 59 6 411 4 454 5 580 3 350 8 670 2 737
8 948 5 5 0 55 3 418 1 730 4 619 9 493 7 971 2 332 6 371
0 120 9 860 1 183 2 845 6 510 3 83 8 292 4 347 5 440 7 108
3 346 1 54 2 447 9 608 7 981 4 330 0 200 8 581 6 933 5 330
5 903 9 498 3 721 6 634 7 71 1 509 2 426 0 983 8 887 4 579
7 860 2 989 3 800 6 316 9 487 0 85 8 148 5 128 1 644 4 432
1 617 2 730 5 331 8 5 9 506 4 655 0 337 3 739 7 910 6 475
0 318 9 148 8 418 5 401 3 29 1 910 6 473 2 516 4 892 7 806
0 124 6 806 3 915 5 195 8 333 2 484 7 426 9 925 4 973 1 149
3 619 1 696 9 526 8 558 7 319 5 417 2 106 0 883 4 356 6 691
3 130 6 435 9 516 8 62 0 163 1 105 5 441 7 150 4 794 2 826
1 84 6 819 4 416 5 512 8 5 3 146 7 241 2 394 0 748 9 119
2 998 8 773 1 798 9 981 3 771 7 780 0 939 6 316 5 579 4 247
1 252 6 774 7 647 5 19 3 555 9 358 4 693 2 510 8 139 0 469
9 405 3 253 1 837 8 922 4 255 2 612 6 52 7 46 0 920 5 921
1 977 5 33 7 252 0 805 6 816 2 716 9 397 4 136 3 19 8 996
4 393 8 88 0 357 5 143 3 850 2 285 9 198 6 615 7 71 1 485
4 245 7 296 0 607 1 383 6 573 2 608 3 973 9 206 8 518 5 546
1 296 5 564 3 788 2 894 6 962 0 896 8 717 4 257 9 768 7 565
1 499 2 588 5 664 6 25 0 281 8 459 4 558 9 679 3 851 7 245
3 658 7 945 5 246 8 11 0 643 9 621 1 166 2 727 4 87 6 282
3 942 4 259 5 394 9 840 7 602 8 930 2 795 1 722 6 721 0 679
9 247 4 921 3 310 2 136 1 85 8 326 7 6 0 422 5 336 6 563
7 108 9 788 2 443 1 278 6 263 8 578 3 374 5 387 4 645 0 317
0 359 7 158 6 33 2 540 8 556 5 650 9 975 3 825 4 53 1 288
6 641 1 11 2 542 4 287 3 810 9 452 5 706 7 292 0 367 8 156
8 699 2 110 6 277 4 289 3 670 1 345 9 422 7 304 5 876 0 5
7 222 5 541 8 426 2 363 4 657 9 218 6 394 1 724 0 95 3 224
9 562 5 437 7 119 8 504 0 499 3 194 1 289 2 708 4 196 6 222
1 824 9 840 5 748 6 716 2 180 8 318 7 639 3 302 4 774 0 18
3 696 0 119 5 980 9 970 2 900 1 47 7 252 4 241 6 903 8 291
8 542 4 330 2 120 6 790 3 522 1 107 7 735 0 264 9 984 5 349
1 375 4 696 6 334 8 598 0 751 7 529 9 804 3 81 2 762 5 703
4 603 8 299 1 982 9 189 7 660 3 523 2 146 5 341 0 910 6 253
7 976 8 579 1 799 9 962 6 338 5 294 2 643 3 328 4 17 0 331
8 106 3 906 6 40 2 439 5 796 4 580 1 447 0 929 9 240 7 813
4 195 5 659 7 242 8 368 6 435 1 643 2 98 9 617 0 14 3 426
4 289 5 697 0 952 7 888 3 919 2 878 9 795 6 385 1 960 8 834
5 946 3 760 8 725 4 78 1 65 7 791 0 958 9 236 2 952 6 992
1 885 4 78 6 319 3 571 9 670 0 677 5 667 2 405 7 58 8 921
5 309 6 969 7 27 3 370 9 980 0 981 8 810 2 969 4 785 1 580
5 460 3 855 2 985 1 131 6 779 8 423 4 855 7 114 9 248 0 258
0 791 8 90 1 103 2 136 5 256 4 749 9 35 7 805 6 681 3 246
6 184 7 504 4 324 3 966 9 39 1 499 0 471 5 272 2 748 8 487
4 415 5 562 7 771 3 720 1 71 6 56 8 889 9 489 2 199 0 279
4 655 5 659 8 8 9 178 3 673 1 23 7 723 0 773 6 733 2 62
9 577 4 348 7 7 8 104 2 45 1 790 5 193 6 921 0 550 3 268
8 384 2 909 6 417 9 760 7 706 4 748 3 939 1 299 0 835 5 22
4 339 2 143 1 294 0 747 3 686 9 742 6 184 7 703 8 84 5 501
2 929 7 201 8 560 0 441 1 524 4 687 3 622 9 564 5 526 6 136
8 60 0 996 3 979 9 653 5 795 7 769 2 804 1 317 6 847 4 744
6 292 1 443 8 345 5 696 0 26 3 62 7 678 4 736 2 81 9 525
5 920 8 548 0 930 7 685 9 874 3 810 6 547 2 464 1 961 4 525
6 305 4 756 2 566 7 157 9 961 1 909 8 289 0 561 3 349 5 344
2 767 9 187 0 650 1 645 6 803 4 438 7 293 3 151 5 443 8 526
0 781 8 452 9 321 1 147 5 356 6 348 4 858 3 524 7 920 2 327
5 52 8 468 9 214 1 832 7 744 6 12 3 174 2 608 4 30 0 245
3 33 2 840 6 8 7 567 9 207 1 39 4 351 0 651 5 773 8 251
4 858 7 594 2 867 3 304 9 829 8 88 1 348 6 778 0 709 5 521
8 382 3 625 2 137 0 478 4 626 6 576 5 397 7 771 9 398 1 98
5 496 1 200 7 445 8 330 6 973 2 210 4 920 3 637 9 527 0 446
0 5 6 510 1 262 9 361 8 798 3 365 7 910 5 391 2 733 4 405
8 470 4 694 6 483 3 472 7 486 5 798 0 528 1 18 2 177 9 191
6 20 9 431 8 338 0 471 4 444 7 538 2 195 5 246 3 528 1 803
9 633 4 216 1 370 2 523 7 756 5 127 8 177 3 999 6 730 0 747
1 587 2 823 6 378 3 951 9 193 8 282 7 958 5 392 4 820 0 696
6 505 1 20 5 109 3 643 7 880 2 941 4 122 9 691 0 150 8 305
6 877 2 853 0 448 4 583 5 990 8 303 3 863 1 304 7 257 9 450
6 291 9 600 2 234 0 597 7 492 3 847 5 573 1 474 4 52 8 961
7 282 3 591 4 953 1 238 8 749 9 835 6 142 0 710 5 356 2 98
9 49 2 845 4 561 8 327 3 543 1 47 6 151 0 261 5 796 7 296
5 450 1 131 6 207 0 154 8 807 4 2 9 625 3 980 7 730 2 828
9 686 8 740 2 191 5 34 3 380 6 505 7 184 1 169 4 104 0 791
2 772 3 43 0 65 1 871 6 177 4 54 8 628 5 522 9 585 7 979
4 494 8 259 3 207 6 853 5 800 2 206 0 541 7 539 1 796 9 817
0 238 9 300 4 871 2 941 3 734 6 22 5 391 1 865 7 353 8 99
3 35 2 283 8 129 7 137 6 289 0 123 9 249 1 292 5 426 4 247
9 158 8 635 7 562 2 397 1 134 0 843 4 412 3 608 6 576 5 332
5 562 0 825 7 899 2 718 4 474 6 457 1 835 8 47 9 909 3 81
9 757 6 324 0 593 2 943 1 100 7 809 4 310 5 813 3 996 8 319
4 829 5 151 0 660 6 577 1 683 3 657 7 297 9 411 2 334 8 667
5 197 7 704 8 999 9 338 6 158 1 182 2 109 0 484 4 482 3 384
0 426 7 47 5 304 9 976 4 927 8 694 1 371 3 895 6 283 2 969
6 192 4 330 3 752 0 664 1 702 9 554 5 526 8 557 2 773 7 41
4 481 3 659 9 278 7 940 5 262 2 582 1 971 6 513 8 115 0 592
3 352 9 142 4 484 7 877 0 486 8 19 6 673 5 884 2 545 1 198
9 916 7 547 6 447 8 841 3 745 5 686 2 296 1 82 0 831 4 699
5 557 2 783 7 219 6 93 0 826 3 627 1 859 9 522 8 965 4 290
5 248 7 723 9 48 2 285 1 60 0 969 8 595 3 506 6 355 4 22
9 706 0 787 1 655 8 687 2 54 5 873 6 819 7 284 3 439 4 717
2 633 6 424 8 895 0 490 1 863 4 324 7 602 5 371 9 91 3 387
5 305 7 237 2 112 1 625 9 526 8 544 3 609 6 93 4 154 0 823
9 394 0 424 6 802 8 329 7 421 5 976 3 793 1 404 2 866 4 158
4 310 8 982 9 80 2 209 3 917 1 583 0 816 7 684 6 316 5 198
1 370 0 243 7 12 8 14 3 15 6 325 4 599 2 68 9 180 5 750
4 800 0 152 9 48 2 524 1 918 7 630 8 269 3 844 5 699 6 784
4 354 9 993 8 1 3 34 2 33 6 840 1 220 5 657 0 20 7 202
6 659 9 688 2 131 8 671 5 927 4 185 0 16 7 587 3 862 1 69
1 772 8 784 3 377 5 672 6 842 7 568 9 425 0 500 2 417 4 917
9 41 0 296 5 71 6 704 1 341 3 388 7 736 8 994 2 344 4 36
9 862 5 834 1 563 4 38 8 739 2 427 6 273 3 410 7 361 0 104
8 55 2 278 0 539 3 623 6 833 5 979 9 52 1 200 7 136 4 775
1 773 2 441 5 423 7 792 4 277 3 447 8 653 9 737 6 552 0 939
1 429 2 164 4 290 9 454 8 648 3 604 5 741 7 850 0 477 6 702
9 325 7 967 8 790 2 628 4 637 1 543 0 276 5 141 6 787 3 783
6 165 1 484 2 734 9 898 8 337 3 724 0 16 7 115 4 613 5 421
0 310 4 231 5 886 1 533 3 76 9 436 8 127 7 270 2 301 6 674
9 830 2 607 8 632 6 637 5 232 3 978 1 343 7 372 4 181 0 666
1 777 8 977 4 502 5 695 9 55 2 933 7 675 3 240 6 540 0 423
4 745 7 43 9 653 0 705 2 544 8 804 6 296 5 504 1 323 3 111
8 393 1 166 0 665 7 219 5 991 9 541 4 976 2 774 3 333 6 106
7 409 0 927 1 116 4 691 3 398 5 220 6 469 8 462 2 376 9 792
4 373 2 768 3 254 1 800 6 410 8 295 0 103 5 515 7 258 9 469
5 96 2 420 7 514 8 377 3 2 4 533 1 716 9 299 0 530 6 746
1 706 4 852 8 484 2 623 9 998 5 992 6 298 7 998 3 260 0 929
0 405 7 345 3 415 4 801 5 199 8 784 2 672 6 900 1 119 9 936
3 334 6 191 9 899 4 81 0 119 5 433 2 292 1 913 8 140 7 156
3 755 1 730 9 114 2 504 0 569 7 53 8 709 4 749 6 701 5 338
8 47 1 146 4 974 3 502 5 870 2 591 7 416 6 462 9 724 0 27
9 60 6 854 0 256 7 475 4 383 3 657 8 913 5 160 1 708 2 740
8 35 2 163 5 254 7 811 9 522 3 440 4 654 0 655 6 427 1 709
6 915 4 243 9 67 0 573 8 503 3 474 2 806 5 685 1 77 7 840
2 257 8 841 5 905 0 209 4 372 1 188 7 808 6 777 3 223 9 115
8 935 4 512 7 413 3 445 1 615 6 57 9 590 2 201 5 245 0 120
1 406 6 532 0 984 4 727 2 715 3 958 8 660 7 843 9 412 5 167
2 531 1 327 6 620 8 387 0 451 7 557 9 830 3 967 5 299 4 932
8 875 5 766 2 614 9 251 1 582 0 101 4 362 6 232 3 985 7 136
9 571 5 429 4 488 6 615 2 913 3 79 8 587 0 232 1 896 7 581
8 714 7 674 3 949 6 2 2 888 4 755 1 454 5 190 0 554 9 87
7 490 8 223 0 497 5 197 9 136 4 480 2 451 6 728 3 52 1 859
4 855 0 71 5 588 6 984 7 591 8 585 9 360 1 130 3 136 2 121
7 416 3 978 8 701 4 937 9 904 0 331 6 306 1 838 5 14 2 977
4 612 8 88 1 27 0 926 5 990 9 84 2 832 3 26 7 270 6 208
7 728 0 207 1 990 4 483 3 731 8 199 2 766 9 870 6 284 5 234
8 118 2 3 0 288 1 247 9 665 7 400 5 990 6 878 3 678 4 728
4 910 8 560 9 320 6 991 3 562 0 244 1 757 2 135 7 513 5 1000
5 220 6 900 3 282 1 679 7 839 9 56 2 350 4 884 8 392 0 475
7 750 9 180 0 8 3 731 6 691 8 209 2 131 5 660 4 437 1 73
6 719 9 237 1 475 4 337 7 34 3 839 2 137 5 479 8 59 0 210
0 128 5 227 9 953 1 141 4 7 3 721 7 177 2 850 8 119 6 741
9 899 3 884 7 108 8 419 0 211 1 462 6 143 4 707 2 765 5 977
7 112 1 526 4 121 5 881 8 657 6 623 0 791 9 372 3 486 2 656
8 236 3 201 5 585 6 576 1 570 7 809 4 922 2 478 0 613 9 916
8 379 3 949 1 498 5 172 2 809 9 692 6 234 7 734 4 726 0 225
9 876 5 906 1 812 6 81 0 393 2 631 7 492 8 822 4 169 3 619
2 60 9 654 4 291 8 887 5 511 1 92 7 201 6 604 0 775 3 685
9 458 3 524 0 621 2 673 8 561 1 431 4 753 7 907 6 602 5 864
3 949 7 359 0 541 9 411 8 947 2 344 5 131 1 261 4 8 6 619
1 61 0 192 5 864 8 835 9 349 7 610 2 240 4 953 3 324 6 25
2 874 1 1000 4 322 9 125 0 731 7 851 3 419 6 625 8 177 5 4
0 255 4 696 9 736 2 305 5 666 3 688 6 923 7 173 8 530 1 734
5 720 0 576 4 424 6 222 3 188 8 292 7 173 2 156 1 558 9 549
1 141 7 268 2 112 6 460 4 585 5 466 8 839 0 201 9 230 3 999
5 468 7 610 9 755 1 905 2 322 0 204 4 225 6 174 8 448 3 716
2 443 5 429 8 137 6 59 4 60 0 577 9 334 3 436 1 207 7 338
3 94 8 539 9 178 1 330 5 484 2 36 6 852 4 377 7 582 0 77
5 837 7 917 0 526 4 145 3 453 6 961 1 713 2 738 8 700 9 673
3 292 7 594 4 449 5 895 6 39 8 262 1 614 9 198 0 938 2 360
4 441 1 561 8 876 3 511 0 461 9 382 7 378 5 821 6 502 2 932
7 564 9 917 6 588 5 494 2 291 1 71 4 263 8 451 3 855 0 1
5 425 8 499 9 45 1 787 4 993 0 769 3 62 7 271 2 371 6 472
2 338 8 380 7 860 5 779 0 299 4 94 3 156 1 428 6 951 9 859
7 700 9 424 4 924 2 116 8 95 6 774 3 576 1 118 0 717 5 250
0 377 2 556 4 242 5 451 9 734 6 267 8 422 3 293 1 281 7 649
9 485 4 435 1 852 6 515 2 70 3 973 7 904 8 602 0 377 5 513
4 917 6 601 2 442 5 993 8 820 9 318 7 466 0 753 3 768 1 778
3 972 6 172 1 634 2 823 5 469 7 362 4 428 9 333 8 445 0 416
3 525 2 801 6 562 0 844 4 787 1 394 8 331 5 787 7 447 9 737
5 682 9 800 2 250 8 309 3 467 7 3 4 654 6 903 0 961 1 485
5 727 0 777 7 912 8 987 4 264 1 14 9 717 3 510 6 482 2 46
8 601 6 190 5 742 7 233 3 604 0 294 2 252 1 389 9 591 4 736
5 556 9 686 1 810 6 742 7 306 0 536 3 43 4 506 2 519 8 884
8 824 6 323 2 850 0 333 4 212 3 749 7 269 9 630 1 69 5 11
5 523 3 306 1 335 4 987 8 912 6 239 9 833 7 398 0 465 2 287
2 332 5 346 4 371 8 53 7 268 9 286 6 487 3 161 1 135 0 786
1 387 5 888 8 651 4 833 9 195 0 931 2 613 3 428 7 798 6 561
5 475 3 580 8 734 7 492 1 82 2 243 6 87 9 349 4 707 0 359
0 864 2 381 6 433 8 148 3 895 4 362 9 822 5 117 7 935 1 730
6 683 8 879 3 269 9 718 2 470 0 258 1 673 4 822 7 686 5 37
2 639 3 757 4 786 9 125 5 452 6 881 8 127 0 329 1 958 7 393
3 872 9 309 4 61 7 907 2 888 6 553 8 630 1 625 0 411 5 526
1 285 8 575 6 562 0 300 7 722 5 892 2 765 3 355 9 525 4 867
6 163 4 52 3 444 1 493 2 366 8 994 0 307 9 548 7 657 5 235
9 274 1 382 2 67 3 749 6 538 5 900 4 365 8 239 0 785 7 782
4 679 6 77 7 326 9 326 1 417 2 383 0 262 3 101 8 157 5 959
6 285 8 629 9 874 4 37 2 688 3 909 7 402 0 816 1 686 5 826
1 237 2 723 7 191 5 240 8 383 3 578 4 149 9 237 0 461 6 160
9 615 3 22 4 693 1 607 2 557 7 753 5 115 6 946 0 885 8 358
3 136 8 42 0 492 9 514 6 828 5 980 2 120 7 393 1 324 4 51
5 306 0 303 9 647 3 319 2 345 4 236 7 66 6 49 8 161 1 850
1 836 5 729 2 619 7 860 3 107 6 791 9 350 8 148 4 781 0 395
8 851 1 657 6 939 7 561 0 358 4 932 9 808 3 588 5 1000 2 581
8 383 2 966 1 769 9 431 3 914 6 513 5 819 0 28 4 7 7 69
5 50 9 238 4 757 6 271 1 328 3 100 7 268 0 682 2 477 8 149
3 338 6 36 1 515 4 84 8 938 2 959 5 495 9 735 7 671 0 187
2 772 0 670 9 879 6 493 7 353 3 29 5 586 4 814 1 171 8 830
4 98 3 795 7 789 1 342 5 468 2 580 9 675 0 258 8 828 6 643
8 663 6 846 1 207 0 122 9 314 5 377 4 282 7 889 2 220 3 921
9 648 8 923 5 175 4 174 6 16 3 693 2 710 7 990 1 29 0 834
