1000 10
0 383 5 67 2 671 3 307 8 6 9 522 7 925 6 730 4 802 1 215
2 133 8 562 0 594 7 148 4 24 1 43 3 595 5 401 6 91 9 504
7 771 2 698 8 875 3 382 6 772 4 502 9 430 5 69 1 109 0 771
7 350 8 67 1 219 5 751 9 602 4 534 3 799 6 378 2 26 0 776
7 132 2 895 0 711 6 544 8 384 9 865 4 188 1 458 3 325 5 666
7 293 4 784 1 66 3 839 2 603 9 577 5 114 0 767 8 722 6 576
6 337 2 426 4 591 1 177 8 871 7 815 3 408 9 772 5 394 0 221
9 770 5 627 7 340 6 427 8 129 3 632 1 462 4 403 2 888 0 840
2 671 0 736 9 205 3 980 4 838 5 937 1 584 8 622 6 224 7 910
3 264 2 848 4 982 1 503 8 738 0 647 9 238 7 596 6 895 5 271
6 860 4 319 3 112 7 105 8 108 5 542 0 449 1 72 2 343 9 580
9 399 1 553 6 24 4 831 8 23 0 695 2 650 3 52 5 413 7 590
3 640 6 46 9 621 7 408 2 408 8 694 4 914 0 884 5 573 1 765
5 97 6 564 9 375 4 468 7 417 3 717 0 409 8 508 2 737 1 298
4 391 6 346 1 469 9 201 7 98 8 114 3 239 5 375 0 50 2 836
1 6 3 743 5 127 0 436 2 478 8 109 4 347 9 379 7 315 6 17
0 527 5 868 9 11 8 151 4 233 2 65 7 200 6 924 3 647 1 627
0 430 5 931 6 282 3 607 4 279 1 277 9 882 8 918 7 24 2 854
0 250 9 622 1 808 4 244 7 880 2 924 8 221 6 347 5 619 3 971
8 90 4 276 0 681 7 645 1 601 3 132 5 716 9 776 6 361 2 8
4 25 6 956 5 84 0 671 7 93 8 785 3 1000 2 463 9 603 1 302
6 440 4 641 5 838 1 204 2 230 9 105 0 392 8 41 3 127 7 574
5 221 9 648 1 635 8 496 0 359 4 573 6 503 2 647 3 798 7 950
2 297 4 791 9 20 6 661 1 735 3 361 8 722 5 539 7 741 0 758
6 507 7 335 9 785 5 508 4 571 2 907 3 869 1 771 8 403 0 359
2 304 3 537 9 604 5 479 7 225 8 841 4 277 0 167 1 825 6 259
5 898 1 327 8 739 6 821 2 667 9 642 3 411 0 790 7 479 4 440
3 625 0 595 2 3 5 468 8 257 4 347 9 716 7 583 6 727 1 909
7 916 0 435 4 812 2 281 6 955 1 988 5 232 3 612 9 958 8 296
7 699 0 797 8 333 4 952 1 516 6 940 9 307 2 206 3 844 5 178
0 463 4 598 6 184 5 388 3 690 2 466 7 434 8 873 1 548 9 189
0 923 1 27 6 600 8 721 9 431 7 986 5 616 3 699 4 860 2 444
7 742 4 180 8 408 9 785 2 361 0 403 5 239 3 226 1 552 6 718
6 222 7 177 2 406 5 576 8 663 9 124 0 386 3 948 4 793 1 115
1 569 8 55 4 323 2 833 6 195 0 884 5 364 7 992 3 975 9 593
1 818 0 877 7 323 9 342 8 790 3 682 5 628 4 566 2 136 6 170
9 246 5 117 6 661 2 783 3 256 7 322 0 745 1 967 8 984 4 135
4 50 9 749 1 870 8 331 3 739 0 940 6 176 2 40 5 425 7 183
0 370 3 368 6 566 9 499 2 111 1 27 8 447 4 830 7 664 5 899
5 924 9 824 1 112 6 600 0 420 3 591 8 682 2 152 7 899 4 978
3 23 8 686 7 401 5 755 4 464 6 59 0 351 1 663 9 444 2 746
5 321 9 146 0 422 8 677 3 739 6 291 4 79 1 254 7 185 2 623
2 451 5 895 3 951 8 489 0 339 1 395 6 801 4 375 9 854 7 925
1 272 2 592 9 428 6 262 0 370 3 273 5 521 4 597 7 260 8 351
8 250 6 662 5 719 3 750 0 608 7 925 9 909 1 584 4 598 2 59
7 422 1 506 2 24 8 743 5 435 9 8 4 442 3 641 6 230 0 353
0 802 7 279 1 780 2 293 6 323 3 530 8 720 5 650 4 463 9 555
0 102 5 510 6 632 7 399 3 952 1 87 2 723 8 330 9 520 4 238
2 529 0 543 6 11 9 362 8 435 1 414 5 390 3 721 7 882 4 310
5 568 7 378 6 209 4 457 3 988 2 621 9 247 0 319 8 217 1 411
3 773 0 731 6 792 8 578 9 728 5 970 4 665 2 185 7 947 1 97
6 401 3 546 5 180 9 286 4 92 2 853 8 945 7 887 1 580 0 617
4 551 6 935 5 676 2 925 9 967 0 903 1 475 3 21 8 509 7 497
6 744 9 584 3 550 7 671 0 390 8 22 4 422 1 954 2 748 5 199
2 868 5 607 9 212 6 759 0 162 1 331 3 349 4 501 7 916 8 816
4 808 6 379 8 604 3 320 7 180 1 831 9 584 0 45 5 350 2 152
3 401 9 587 8 440 1 541 6 144 0 357 5 740 2 143 4 111 7 564
4 758 9 502 3 90 5 470 0 708 8 881 2 248 1 299 6 602 7 431
1 170 7 843 8 302 4 915 5 630 6 524 9 101 3 61 2 640 0 727
9 248 7 266 5 918 6 297 0 327 1 253 4 279 2 95 3 935 8 559
4 87 3 947 1 675 0 362 5 689 7 852 2 109 8 788 9 346 6 546
1 207 6 559 5 758 8 958 0 371 2 93 3 457 4 71 7 619 9 345
7 396 2 465 0 885 9 640 1 217 5 248 8 463 3 766 6 741 4 123
4 91 1 748 8 810 0 460 5 663 7 983 9 494 6 595 3 412 2 669
9 715 6 154 7 440 1 433 4 604 3 556 2 562 0 238 8 888 5 374
7 642 6 615 9 558 3 775 0 338 2 420 4 334 1 316 5 781 8 210
7 680 1 548 8 411 5 450 6 683 4 994 0 542 2 209 9 971 3 617
2 268 7 791 3 304 9 738 6 929 5 768 1 792 0 240 4 279 8 17
2 488 5 845 8 629 6 661 1 740 3 677 7 874 9 717 0 64 4 120
9 805 1 317 0 218 8 334 2 267 4 291 6 479 7 738 3 723 5 51
0 942 2 33 3 401 1 478 5 85 4 772 6 829 9 393 8 382 7 760
9 71 4 90 2 941 6 463 8 570 7 165 0 241 1 735 5 570 3 972
2 516 9 721 3 859 1 901 4 865 5 348 6 344 8 933 0 321 7 304
4 972 9 346 2 602 1 510 3 56 6 823 0 285 7 164 8 698 5 128
2 42 4 367 9 22 7 669 1 458 6 737 8 747 3 732 5 1 0 162
7 69 6 231 2 694 3 218 5 347 1 52 9 296 0 972 8 373 4 611
0 391 6 623 3 107 8 954 5 204 7 934 4 812 9 68 2 197 1 935
1 458 8 889 7 913 3 385 6 998 9 207 4 116 2 118 0 478 5 590
4 992 0 456 6 296 9 817 8 121 5 616 2 521 7 87 3 875 1 657
3 878 8 129 9 226 1 395 2 350 0 255 5 862 6 884 7 138 4 452
7 769 6 369 5 10 8 264 1 230 2 258 4 174 3 923 9 183 0 163
1 469 4 518 8 723 2 870 9 86 5 830 3 258 7 70 0 376 6 674
4 15 6 399 9 696 8 972 5 713 1 305 0 791 3 597 7 725 2 371
0 181 7 880 4 716 6 629 1 342 8 664 2 829 5 269 9 583 3 941
4 726 5 35 2 614 3 922 6 884 8 352 7 883 1 242 9 533 0 921
6 446 2 761 9 510 1 922 7 966 5 327 8 590 4 197 0 971 3 575
0 102 3 913 9 609 6 830 2 643 8 143 7 170 1 654 4 762 5 576
7 831 6 26 9 974 8 627 4 755 2 476 3 873 5 907 0 60 1 50
9 773 4 996 7 494 5 816 6 662 3 606 1 309 2 342 0 294 8 850
2 582 4 210 0 60 9 633 8 323 5 561 6 698 3 452 1 842 7 502
1 849 5 614 6 962 0 37 9 843 2 150 7 777 8 105 4 877 3 841
7 540 5 9 4 127 3 404 2 627 9 738 0 185 1 295 6 952 8 718
3 396 4 940 1 812 9 474 5 43 6 463 8 47 7 605 0 460 2 584
1 826 2 316 8 230 7 523 3 530 9 354 0 864 6 401 5 76 4 941
2 4 8 191 4 511 5 500 1 847 6 652 3 314 7 620 0 501 9 385
2 155 9 402 0 765 4 136 8 577 1 658 5 143 3 79 6 255 7 926
2 310 0 134 6 590 9 235 5 262 3 707 4 606 8 245 1 394 7 367
4 592 0 315 8 682 1 514 3 570 6 269 2 928 5 737 7 352 9 642
3 758 2 552 9 235 0 806 4 397 7 26 1 449 5 576 8 796 6 933
7 170 2 409 5 323 6 227 4 938 0 968 1 115 8 186 9 207 3 259
7 517 8 469 5 97 4 88 6 987 9 612 1 528 0 178 2 487 3 487
3 903 8 703 2 582 5 408 9 180 0 942 7 616 4 941 6 712 1 230
4 190 1 261 9 545 7 609 2 761 0 826 5 329 8 791 6 259 3 900
8 379 5 983 9 172 3 719 6 170 7 545 1 652 2 690 0 430 4 766
7 583 9 353 8 620 5 785 6 738 0 389 4 976 3 319 2 817 1 502
6 410 8 393 9 634 4 298 1 122 0 186 2 617 3 984 7 249 5 132
4 105 2 157 3 294 8 53 6 628 7 920 1 137 5 87 9 591 0 977
1 47 0 302 3 541 6 811 9 411 7 970 5 639 4 979 2 421 8 404
0 709 8 464 5 338 7 821 1 451 9 362 6 168 3 249 2 714 4 88
6 372 0 619 9 185 7 274 2 98 4 714 8 345 3 564 5 504 1 449
6 874 4 235 8 344 0 525 1 605 5 618 9 64 3 623 7 407 2 814
4 991 6 201 2 207 1 344 7 918 9 21 3 725 5 544 8 200 0 729
0 126 8 343 1 672 5 63 2 384 9 413 3 150 4 33 6 14 7 528
2 789 9 345 4 504 3 934 6 324 0 575 7 387 8 322 1 278 5 340
9 24 4 474 1 193 3 450 6 828 8 177 2 8 5 198 7 628 0 385
8 573 0 22 5 282 9 952 2 671 4 965 1 512 3 619 6 763 7 78
0 344 2 520 3 66 9 405 4 237 5 173 1 999 8 40 7 170 6 574
7 371 3 52 4 149 0 859 5 335 8 588 6 272 2 168 1 309 9 565
2 540 9 823 4 716 5 661 0 937 8 536 1 638 3 841 6 127 7 400
8 631 4 877 7 778 0 623 2 444 9 79 1 678 6 395 3 630 5 5
4 191 3 403 8 50 5 796 6 139 9 382 1 534 0 274 7 726 2 177
7 114 2 419 5 809 0 759 3 472 6 192 9 505 8 546 1 985 4 127
2 503 7 392 8 294 0 507 5 201 4 890 6 319 9 883 1 645 3 326
5 396 6 624 8 829 7 284 2 142 1 152 0 332 9 965 3 561 4 33
8 843 6 983 7 769 9 951 1 360 3 949 4 549 2 501 0 683 5 267
3 604 8 314 1 798 5 392 9 811 2 907 6 633 4 732 0 496 7 735
6 528 9 336 5 494 2 296 7 425 8 525 0 693 1 532 3 885 4 213
2 509 6 459 5 843 3 502 4 311 1 803 7 67 0 821 8 24 9 928
6 390 9 223 5 891 8 551 7 311 1 762 2 530 3 177 0 910 4 714
0 497 2 685 1 905 9 871 5 791 6 534 8 247 7 396 3 193 4 548
9 931 4 458 6 885 8 654 7 289 0 19 1 808 2 69 3 504 5 203
8 132 5 235 9 916 3 353 0 282 1 826 6 991 2 803 4 607 7 954
1 947 0 439 7 686 9 34 4 454 6 990 3 443 5 80 8 659 2 266
9 295 0 171 8 225 4 609 2 709 1 349 6 234 5 74 7 871 3 935
4 802 8 84 1 398 5 972 0 106 3 357 7 68 2 615 6 632 9 200
5 903 4 449 8 693 6 784 0 581 3 730 2 826 7 337 1 239 9 489
5 272 1 262 8 67 3 383 2 827 7 356 0 970 4 429 6 610 9 422
8 826 6 221 3 717 7 2 5 529 9 438 4 283 2 568 1 319 0 226
8 488 1 75 0 630 5 794 3 775 6 744 9 729 2 329 7 514 4 227
7 550 8 301 6 539 0 994 1 913 2 498 5 157 3 593 9 855 4 736
6 60 0 187 5 988 1 165 4 574 9 642 7 945 2 934 3 140 8 710
9 781 5 494 1 105 2 241 7 559 3 937 4 374 6 460 8 613 0 874
9 576 5 34 2 13 7 217 1 199 8 434 3 37 0 800 6 603 4 130
7 864 9 276 8 373 1 198 3 824 5 737 0 519 4 56 2 243 6 727
3 321 1 818 4 300 6 120 7 225 9 999 5 446 2 843 0 790 8 799
0 943 4 411 1 113 8 577 3 407 6 864 9 113 7 355 2 35 5 95
5 394 7 37 1 178 8 461 2 633 9 515 0 356 6 679 3 30 4 977
9 826 1 541 4 77 3 937 2 750 6 172 7 259 5 607 0 200 8 539
4 587 2 102 7 201 9 878 6 954 0 52 8 264 3 558 5 133 1 256
6 679 3 153 1 20 4 276 9 313 0 525 5 635 2 381 7 434 8 544
7 413 2 631 9 827 6 764 5 510 4 214 0 304 3 118 8 939 1 887
3 192 4 821 6 544 5 797 9 641 2 991 7 270 0 375 1 493 8 135
8 230 5 678 9 661 1 955 4 223 2 149 0 200 3 274 6 840 7 777
1 135 8 579 5 42 6 424 2 601 3 992 4 933 9 886 0 46 7 138
6 86 4 842 0 34 8 622 5 17 9 583 2 889 1 692 3 929 7 582
9 969 3 128 8 257 6 129 7 344 1 953 4 342 0 258 2 571 5 119
2 291 8 98 0 103 1 955 7 824 5 230 3 456 6 774 9 185 4 12
2 380 9 795 7 894 8 131 1 611 5 160 3 812 0 768 4 238 6 743
6 15 7 661 8 681 4 124 2 498 5 804 0 534 1 239 9 61 3 409
9 990 4 857 3 666 0 677 6 527 7 779 1 628 5 911 8 549 2 449
2 700 9 637 7 142 5 806 0 49 4 848 1 687 3 169 6 627 8 781
3 604 1 197 2 380 5 904 0 64 8 303 7 428 4 331 9 25 6 144
8 280 5 252 4 134 2 499 7 990 1 77 0 657 6 120 3 424 9 29
7 827 8 486 1 474 4 164 9 336 0 519 3 58 5 379 2 600 6 253
1 91 0 410 2 871 5 602 8 477 9 803 7 778 3 270 6 100 4 251
0 398 2 466 7 380 9 585 3 719 6 265 5 438 8 47 4 905 1 206
3 202 8 198 9 679 5 911 1 209 0 158 7 390 2 561 4 653 6 818
7 540 8 966 0 535 6 866 5 499 1 778 3 812 4 946 9 972 2 355
0 382 8 464 5 185 4 47 6 499 2 915 9 732 3 503 1 900 7 430
6 653 2 288 5 484 0 924 1 92 4 58 7 331 8 838 3 331 9 890
7 358 3 976 5 367 9 34 6 4 4 57 2 275 1 985 0 631 8 273
1 449 3 925 5 581 9 821 2 814 0 691 4 435 6 790 7 441 8 65
9 173 7 495 1 464 5 924 0 620 3 437 4 406 8 123 6 852 2 929
2 485 7 836 0 753 5 129 9 660 8 340 1 6 3 21 6 221 4 122
4 977 6 220 2 806 8 853 7 278 5 687 3 857 1 100 9 679 0 357
0 635 7 612 3 389 4 222 2 421 9 84 6 141 8 307 5 634 1 204
8 346 0 738 3 438 9 796 1 626 7 720 4 503 6 649 2 440 5 927
1 988 3 858 9 38 6 39 0 990 7 433 2 485 5 993 4 830 8 172
3 779 0 22 7 173 4 611 6 295 8 190 1 874 5 813 2 723 9 700
8 316 0 627 4 271 6 830 2 772 7 382 5 470 3 203 1 605 9 44
0 567 6 957 2 579 9 29 1 2 5 431 7 421 4 436 8 253 3 96
2 353 8 169 5 251 7 924 1 771 9 27 6 432 3 299 0 945 4 234
1 923 0 531 3 942 6 51 5 959 4 801 9 521 7 565 8 32 2 429
2 209 1 617 0 23 7 619 5 991 8 542 6 770 9 926 4 776 3 138
2 723 7 999 0 270 3 532 1 107 4 755 8 746 9 54 6 563 5 330
2 456 5 105 4 31 8 196 6 142 9 904 7 247 1 182 0 642 3 879
8 916 6 882 2 936 5 116 0 59 1 61 7 989 3 387 4 248 9 473
4 147 6 39 2 83 7 731 1 777 5 276 8 288 3 807 0 453 9 490
1 357 5 927 6 665 4 436 0 133 8 802 9 744 3 327 2 987 7 745
3 915 6 606 7 958 4 462 0 5 8 26 2 776 9 533 5 743 1 550
5 434 9 772 7 160 3 472 1 984 2 807 8 693 0 788 4 948 6 300
6 521 7 91 8 210 2 293 4 17 3 352 5 279 9 379 0 767 1 603
9 575 6 752 2 200 4 679 1 874 3 405 8 852 5 182 7 986 0 666
5 666 0 692 6 259 4 516 7 365 3 32 1 799 8 128 9 263 2 383
1 61 3 998 4 777 9 83 8 77 2 88 6 4 7 553 5 499 0 938
0 407 3 400 7 526 8 484 6 77 5 381 9 444 2 515 4 74 1 60
2 124 1 606 0 698 4 617 7 167 8 619 6 390 5 956 9 571 3 553
9 100 2 690 1 630 7 161 4 601 8 152 0 748 3 446 6 494 5 843
5 588 2 755 4 429 9 739 0 421 3 731 1 598 6 590 8 577 7 716
0 818 2 896 5 739 9 549 1 491 3 368 4 386 8 230 7 662 6 374
1 50 4 855 9 726 3 833 6 51 2 617 0 526 7 629 8 768 5 648
9 179 1 545 0 495 4 970 8 308 2 287 5 488 6 257 7 551 3 524
3 3 7 676 6 745 8 127 1 674 9 788 4 457 5 662 0 889 2 98
7 89 5 108 0 694 3 758 2 658 1 631 9 144 4 930 8 540 6 270
8 928 1 60 3 967 9 168 6 358 4 995 0 80 2 512 7 314 5 569
6 171 9 92 5 984 0 159 7 82 8 68 2 423 3 270 4 839 1 999
2 678 7 345 4 580 8 985 1 427 5 888 0 452 6 770 3 386 9 448
5 285 3 664 6 518 2 830 8 309 9 956 0 807 1 482 7 350 4 274
9 32 1 920 0 384 5 42 2 587 8 985 6 417 4 267 7 396 3 960
8 523 4 647 2 711 6 89 7 946 3 162 0 182 1 340 9 400 5 516
7 403 5 575 6 263 4 502 1 375 0 545 2 475 9 689 3 780 8 323
0 890 7 978 9 149 3 65 1 600 5 353 2 792 4 718 6 771 8 929
1 253 6 134 9 808 7 826 3 975 0 108 4 352 5 562 2 947 8 324
5 490 1 410 4 377 0 443 2 222 3 964 6 534 7 554 9 403 8 19
1 19 0 42 3 158 5 698 4 38 9 793 7 513 6 143 8 468 2 18
2 811 1 937 9 631 6 995 4 217 5 707 0 721 7 232 8 17 3 909
2 494 5 493 1 366 6 376 0 759 8 696 7 901 9 615 3 720 4 293
3 155 2 869 9 855 7 515 5 713 0 337 6 239 8 675 1 221 4 510
7 1 6 481 3 238 4 727 2 854 9 764 0 275 8 856 1 212 5 199
3 129 1 935 0 610 7 114 9 664 2 873 8 433 4 82 6 432 5 985
4 561 8 684 3 237 7 204 2 429 1 954 0 476 9 40 5 252 6 828
0 817 9 731 2 85 1 272 5 127 8 111 7 694 6 84 4 315 3 891
3 681 6 759 7 645 4 589 0 660 8 687 2 771 9 531 5 899 1 398
6 108 4 336 3 412 8 734 5 638 7 508 0 319 9 347 2 69 1 189
8 496 3 192 7 657 0 265 2 634 5 705 4 386 6 174 9 594 1 479
7 307 2 536 5 101 1 779 9 480 3 9 0 111 4 530 8 485 6 984
9 713 5 998 0 844 4 328 7 374 3 949 1 274 2 856 8 842 6 274
8 479 9 579 6 280 1 986 4 329 3 350 5 806 2 273 0 412 7 839
3 55 4 35 2 728 7 413 0 461 6 942 9 238 5 802 8 224 1 316
1 32 5 324 2 432 0 311 9 141 8 163 7 323 6 309 3 605 4 422
7 947 0 475 9 847 6 590 3 7 8 518 2 365 5 700 1 428 4 916
3 728 2 918 4 888 7 809 9 334 8 636 5 964 6 926 1 148 0 185
3 115 9 611 0 697 1 629 4 219 6 861 8 386 2 943 5 318 7 11
4 259 9 680 5 757 1 738 2 352 8 667 6 266 0 225 7 353 3 504
1 545 7 791 4 251 6 56 8 171 5 720 3 377 9 218 0 622 2 342
4 310 7 684 0 444 8 171 9 405 2 462 5 661 1 349 6 767 3 488
2 732 4 403 1 416 5 923 0 196 3 60 8 751 9 133 6 341 7 471
1 384 6 582 4 543 8 580 2 704 7 815 9 473 3 689 5 140 0 91
0 119 5 161 4 727 6 990 9 550 1 344 7 958 3 386 2 84 8 889
2 417 9 720 5 865 0 808 3 720 8 787 4 204 7 251 1 775 6 208
9 68 1 411 5 904 8 778 7 44 4 360 3 603 0 482 2 89 6 491
0 397 2 115 4 491 9 21 6 483 1 235 8 973 3 668 5 889 7 862
5 699 3 607 4 923 1 581 0 464 7 782 2 782 6 195 9 441 8 172
1 124 6 176 9 354 7 137 5 651 8 111 0 18 2 192 4 97 3 466
6 237 1 687 8 759 3 765 2 654 0 5 5 998 4 864 7 295 9 94
3 610 4 758 1 679 7 497 5 665 0 330 9 790 2 554 8 680 6 601
3 288 2 932 8 323 7 698 5 395 4 70 9 655 0 978 1 319 6 134
0 318 8 557 2 858 9 268 7 77 4 102 6 45 1 789 3 653 5 24
3 782 4 392 8 933 0 229 1 714 9 180 5 984 2 547 6 991 7 360
4 928 7 247 1 387 3 189 5 279 6 513 8 261 9 742 0 94 2 351
1 550 6 472 0 236 9 126 8 555 7 844 3 740 2 122 5 642 4 729
5 972 2 615 4 711 3 318 9 781 1 216 7 722 0 629 8 596 6 821
7 206 1 851 9 748 8 898 4 912 6 484 0 485 2 993 5 818 3 124
5 197 1 434 6 123 0 176 4 497 3 49 9 901 2 723 8 593 7 93
8 923 6 773 5 174 2 393 4 957 0 901 1 624 9 436 3 513 7 599
4 712 8 779 3 448 5 456 1 86 9 997 0 834 7 374 6 496 2 959
2 679 9 237 3 600 1 502 6 235 4 524 0 641 8 362 7 708 5 310
3 822 9 811 6 379 1 445 0 751 5 787 4 205 8 712 2 800 7 562
0 669 1 701 7 760 2 49 6 152 5 162 4 243 8 182 3 789 9 477
3 236 8 414 1 783 2 228 7 867 9 313 0 560 5 135 4 895 6 334
5 955 9 81 2 528 6 655 1 134 8 597 3 243 0 880 4 315 7 748
6 219 5 745 4 673 8 517 3 640 0 435 1 860 2 142 9 775 7 575
3 965 8 503 5 878 2 602 7 463 6 46 4 346 0 805 9 168 1 852
5 935 0 736 2 688 6 719 7 667 1 158 9 721 3 865 8 503 4 588
9 474 8 37 2 651 3 308 1 954 5 585 7 693 4 150 0 214 6 911
1 406 9 437 7 343 2 70 5 769 8 39 6 387 4 270 0 129 3 446
3 670 2 361 9 694 8 717 7 916 6 644 4 27 0 316 5 894 1 373
9 159 1 708 0 807 6 110 7 342 2 246 5 242 8 975 4 499 3 725
9 386 7 626 8 292 0 412 3 773 1 864 4 714 6 570 2 630 5 369
6 348 9 986 3 662 7 457 0 79 5 687 8 86 1 997 4 116 2 877
2 259 4 381 5 750 3 378 0 654 9 316 8 566 7 452 6 783 1 842
0 797 7 332 8 933 6 618 3 165 1 496 4 949 9 879 2 708 5 342
2 277 7 946 4 222 6 363 8 276 1 759 9 375 0 588 5 656 3 366
5 490 4 20 0 506 2 53 1 584 8 29 3 418 9 922 7 856 6 138
4 747 0 917 2 127 5 912 7 315 1 660 9 589 8 124 6 450 3 113
0 324 8 47 9 668 7 806 3 445 2 47 1 964 5 673 4 160 6 39
3 134 7 914 1 48 0 495 2 481 5 1 8 154 6 126 9 32 4 372
9 472 3 283 4 20 0 230 8 646 5 635 2 552 6 524 1 463 7 797
1 552 8 233 6 661 2 250 9 950 0 377 4 723 7 48 3 42 5 786
0 137 2 221 7 342 1 550 6 308 3 720 9 675 5 61 8 975 4 483
5 748 1 800 9 890 4 989 6 429 8 864 3 717 7 716 0 487 2 917
2 753 1 487 8 763 0 394 9 539 3 625 7 984 6 246 5 846 4 770
5 59 1 278 3 284 4 416 2 362 0 13 9 104 7 884 8 309 6 141
7 987 0 775 6 377 8 447 4 890 1 442 5 50 9 247 3 512 2 196
6 949 7 363 9 741 4 46 8 191 1 98 2 498 3 419 0 718 5 745
2 720 0 555 8 442 7 712 9 533 4 807 6 782 3 188 1 570 5 654
4 617 1 245 6 323 9 22 0 324 3 592 5 715 7 551 2 256 8 719
1 260 8 145 3 813 4 163 0 768 5 325 6 977 9 428 7 616 2 89
2 395 9 903 3 878 1 93 7 859 6 374 8 704 0 515 5 864 4 982
0 428 5 52 9 597 6 738 4 450 2 468 7 769 8 20 1 315 3 487
8 833 1 388 4 388 0 478 3 908 9 297 6 607 5 498 7 35 2 980
7 198 2 657 5 940 9 612 1 548 6 373 4 746 0 211 3 306 8 369
0 162 6 192 7 83 1 8 5 139 4 854 3 165 2 294 8 827 9 770
2 764 6 192 1 851 9 266 8 261 4 479 7 878 3 408 5 596 0 775
8 515 1 693 5 58 9 294 7 284 3 331 4 358 2 87 6 123 0 211
5 487 9 46 4 24 6 877 2 563 7 311 3 737 0 326 8 15 1 447
8 215 6 604 0 588 5 492 3 1000 4 396 2 330 7 712 9 887 1 324
3 84 6 624 7 732 4 205 2 831 1 668 5 761 0 672 8 736 9 31
7 410 6 738 2 257 5 981 4 320 9 370 3 608 8 124 0 226 1 255
8 685 3 292 7 760 0 918 4 333 1 832 5 574 2 744 6 7 9 518
1 930 5 715 0 683 4 403 3 946 2 103 8 242 9 423 6 788 7 97
4 166 3 208 5 236 7 892 6 759 2 187 1 371 9 203 0 966 8 245
2 338 3 275 6 106 5 447 9 548 0 981 4 804 1 376 7 328 8 945
1 65 3 660 8 691 6 334 4 349 2 986 0 377 9 407 7 638 5 468
6 572 8 783 9 620 4 336 7 891 3 589 1 314 2 907 0 312 5 610
2 889 5 284 9 702 7 87 8 658 1 910 4 908 3 188 0 310 6 904
3 627 2 172 7 460 6 447 9 952 4 60 0 109 1 779 8 470 5 657
0 768 4 102 5 315 9 209 8 845 3 345 7 541 6 721 2 656 1 345
1 177 3 958 4 429 9 590 5 704 6 632 8 26 7 716 2 159 0 176
3 509 4 787 0 417 9 931 2 866 7 169 1 187 8 342 5 969 6 776
9 283 3 281 4 955 7 897 6 870 2 952 0 759 5 991 1 613 8 868
2 461 5 177 8 51 7 793 4 877 1 95 3 990 6 512 9 381 0 422
0 831 5 21 3 166 9 166 6 304 8 499 7 401 2 552 4 889 1 27
8 868 1 525 9 134 0 643 4 555 5 66 2 609 3 563 6 4 7 648
2 351 1 794 6 939 3 136 0 674 4 7 5 471 9 139 7 283 8 533
2 519 1 295 9 889 8 926 7 21 3 205 4 930 0 104 5 165 6 815
5 149 4 420 2 57 3 216 8 770 0 595 9 237 7 100 6 191 1 595
7 785 2 774 6 200 0 312 4 41 3 728 5 561 1 150 9 885 8 93
2 843 9 425 6 733 7 859 8 497 0 71 5 453 4 436 3 277 1 406
5 449 6 267 0 484 8 840 4 293 2 827 7 443 9 61 3 780 1 859
7 93 8 359 3 627 0 758 5 402 4 464 2 520 6 976 9 589 1 487
6 236 9 442 0 82 7 634 8 115 5 206 4 474 2 414 1 268 3 238
3 452 2 953 9 65 5 639 8 330 4 1000 0 685 7 763 6 165 1 69
9 276 8 972 2 846 3 945 5 588 4 676 0 323 1 431 6 158 7 689
8 33 2 352 6 929 1 14 0 684 4 347 9 635 5 661 3 601 7 404
6 325 1 873 0 971 3 877 4 970 2 63 8 442 7 179 5 763 9 788
4 101 0 351 5 90 1 569 7 759 2 261 9 113 8 700 6 37 3 49
1 903 5 473 6 483 2 109 0 710 3 133 4 830 9 639 7 916 8 859
7 961 6 679 2 235 3 71 5 255 4 567 8 79 9 495 1 953 0 739
4 212 2 794 8 13 9 911 6 106 3 520 1 684 0 536 5 334 7 497
5 758 9 514 7 454 4 747 0 852 3 697 1 464 6 811 8 162 2 756
1 287 6 236 8 23 0 651 5 555 9 645 4 74 2 281 3 733 7 316
9 979 3 500 8 356 0 224 5 91 4 753 7 606 6 461 2 393 1 989
2 63 9 41 8 249 1 239 5 831 3 955 4 163 7 393 0 731 6 211
2 918 3 853 4 658 5 468 9 983 6 363 7 210 1 766 8 626 0 928
5 111 6 433 4 307 2 291 9 175 7 35 1 10 0 226 3 925 8 26
0 705 1 33 4 183 6 814 8 59 3 946 7 382 5 909 2 586 9 904
2 443 9 154 1 909 5 693 7 801 4 432 8 676 0 676 6 834 3 336
6 738 8 9 0 593 1 26 9 862 2 156 3 617 7 551 5 598 4 988
1 480 2 181 9 224 4 64 8 732 0 613 7 870 6 217 5 313 3 390
9 494 5 331 2 443 8 892 1 795 0 938 4 846 6 875 7 51 3 345
7 464 3 597 0 166 1 958 9 424 2 867 6 896 4 354 8 141 5 616
6 979 8 316 3 941 9 633 4 532 0 949 1 81 7 857 2 432 5 678
7 817 1 49 6 778 2 997 3 985 0 629 9 28 5 791 8 911 4 625
5 728 1 911 9 960 7 730 2 210 8 845 3 263 0 209 4 844 6 353
7 505 4 938 0 613 5 310 1 16 8 811 2 687 3 461 6 753 9 144
1 547 2 942 7 388 6 275 9 580 8 667 0 840 3 960 5 380 4 944
6 224 5 143 0 303 7 130 9 86 4 283 8 938 2 984 3 746 1 727
9 319 6 207 5 480 0 728 3 224 8 327 1 771 2 982 7 318 4 643
5 402 3 900 4 293 6 78 8 853 7 190 2 821 9 224 1 259 0 2
3 384 0 585 2 436 4 256 8 387 6 788 5 14 7 451 1 563 9 964
4 582 3 793 7 117 6 805 2 925 5 831 8 625 9 609 0 941 1 62
1 244 9 235 5 710 3 98 7 465 8 400 4 921 2 136 0 564 6 625
8 328 3 847 4 931 1 589 7 680 0 16 5 560 6 788 2 316 9 680
9 887 2 662 1 415 0 804 6 305 5 985 8 277 3 555 7 907 4 962
8 47 1 327 6 982 3 162 2 162 9 253 4 619 7 578 0 179 5 173
3 867 6 594 0 625 7 651 2 800 5 74 1 158 8 555 9 892 4 660
8 27 2 516 7 148 6 536 5 408 1 427 9 328 0 751 4 797 3 584
1 810 6 988 4 111 9 981 0 672 7 356 2 34 3 891 5 32 8 462
2 7 5 655 8 823 6 958 0 43 3 458 9 925 1 59 7 301 4 174
4 721 3 872 1 313 0 196 6 925 5 216 8 301 2 722 9 950 7 402
4 639 1 1 8 346 9 708 0 49 6 701 7 941 3 124 2 898 5 590
3 618 5 290 6 706 4 764 1 579 2 841 8 338 9 599 0 878 7 564
0 518 1 204 3 124 8 701 2 680 4 907 5 854 7 305 9 354 6 957
5 806 8 135 3 576 1 44 2 839 0 983 6 720 9 146 4 306 7 503
1 758 7 907 3 239 4 905 9 480 5 527 6 348 8 608 0 2 2 775
6 221 1 521 7 103 0 569 8 880 2 295 5 374 3 415 4 411 9 534
4 837 3 521 1 37 9 785 5 540 8 851 2 629 0 87 7 192 6 449
8 283 0 968 3 642 2 414 9 666 5 238 1 875 4 204 7 166 6 439
8 871 4 174 0 423 7 286 2 916 9 122 1 122 3 657 5 445 6 546
0 33 8 141 3 567 5 417 6 398 7 805 4 631 1 466 2 545 9 674
5 653 2 428 3 555 7 20 0 178 1 779 9 119 4 391 8 194 6 168
5 764 0 881 2 645 9 864 3 1 6 743 7 912 8 266 4 190 1 63
3 410 2 633 6 418 5 585 4 358 0 449 8 398 9 383 1 485 7 671
7 446 2 235 5 76 3 617 1 503 8 127 4 273 6 149 9 42 0 95
3 54 9 494 4 955 5 923 1 496 7 872 0 742 6 528 8 871 2 117
4 167 5 567 9 697 3 336 0 580 6 29 7 989 1 566 8 985 2 273
2 49 0 580 8 312 3 781 1 289 6 364 9 971 4 892 7 837 5 633
4 223 1 129 3 413 0 106 2 183 9 632 7 995 5 596 8 106 6 382
8 205 9 543 3 274 1 522 2 102 4 250 5 498 0 391 7 9 6 963
8 355 5 466 4 241 1 799 9 515 6 734 3 447 2 615 7 266 0 343
3 840 9 139 7 506 2 235 1 610 8 408 4 67 5 484 6 372 0 486
4 241 7 379 9 968 3 93 2 531 8 38 1 557 6 717 0 744 5 682
7 549 6 812 4 31 9 276 0 191 2 969 8 803 5 489 1 674 3 504
0 937 6 925 3 424 2 551 4 664 9 568 5 810 1 397 8 748 7 205
7 789 5 826 2 159 0 884 1 937 9 210 8 797 6 375 3 850 4 891
8 306 5 570 4 965 3 749 1 714 2 571 6 81 0 713 9 244 7 81
0 175 8 130 9 724 3 73 7 215 2 969 4 452 1 652 5 656 6 556
4 294 0 532 9 308 2 86 1 192 5 381 8 78 6 522 3 973 7 152
8 361 3 537 4 676 6 291 0 310 9 579 7 919 2 708 1 913 5 962
8 586 5 180 4 145 0 145 1 862 3 145 9 762 7 636 2 713 6 227
7 137 9 10 8 964 1 208 2 811 5 652 3 73 4 490 6 794 0 233
2 462 3 102 6 693 8 618 0 547 1 777 7 811 4 553 5 219 9 723
6 876 2 495 7 634 5 933 9 692 0 18 4 636 1 926 3 293 8 285
0 894 8 889 7 776 2 329 9 355 1 698 5 23 4 794 6 109 3 696
5 426 8 180 0 22 4 149 9 324 3 372 1 361 6 79 7 185 2 995
3 738 4 531 9 998 0 245 1 39 5 384 2 445 7 320 8 42 6 502
8 940 9 1000 6 372 0 330 4 697 3 303 1 823 5 273 2 492 7 762
4 55 2 665 5 841 9 286 0 55 1 103 3 200 6 473 8 180 7 771
3 475 4 22 5 432 9 145 7 275 2 136 8 813 1 800 0 392 6 287
7 515 5 589 6 939 1 129 8 672 2 426 4 297 3 487 9 307 0 223
1 142 8 472 5 845 2 986 7 803 3 796 6 349 9 267 0 951 4 278
2 103 1 528 6 853 5 492 8 88 7 656 9 911 4 171 3 88 0 923
1 647 7 292 5 140 4 798 6 238 3 547 9 439 2 53 8 435 0 238
3 788 7 544 9 425 5 458 2 827 6 384 1 13 0 440 8 557 4 587
3 803 0 623 6 190 7 746 4 948 5 412 1 759 9 716 2 622 8 412
1 412 3 68 0 992 7 458 5 88 6 798 4 840 8 803 9 43 2 679
7 364 5 766 3 974 9 897 8 873 4 322 6 691 1 461 0 995 2 552
1 819 2 259 8 409 0 288 9 517 6 749 3 356 7 967 4 448 5 787
5 700 8 901 3 998 2 799 7 559 6 21 9 5 4 864 1 263 0 597
9 554 3 924 6 695 2 85 8 620 0 782 1 490 5 949 4 915 7 575
5 527 9 239 7 779 8 944 2 269 4 372 3 209 6 510 1 695 0 851
3 752 8 102 1 197 2 427 0 984 9 216 5 767 6 185 4 100 7 681
4 94 9 621 0 871 3 728 1 104 8 159 7 419 2 458 6 119 5 567
1 293 7 472 2 520 8 322 6 96 3 294 5 875 9 632 0 252 4 183
4 484 5 498 0 995 7 188 3 868 8 290 9 528 1 811 6 172 2 187
9 492 5 12 2 112 3 143 7 502 4 711 6 724 0 406 1 126 8 913
1 486 5 84 0 991 4 230 2 311 8 276 3 943 7 464 9 103 6 432
8 812 5 637 0 380 7 275 3 612 4 142 9 127 6 253 2 793 1 68
4 971 9 685 2 359 1 606 7 826 3 190 0 692 5 85 6 46 8 880
7 315 2 168 5 505 6 703 8 628 4 139 1 290 9 641 3 107 0 698
7 325 3 64 2 804 9 556 5 253 1 447 4 848 8 531 0 864 6 394
7 711 4 559 8 839 6 830 3 50 0 690 1 385 2 887 9 427 5 646
4 259 7 696 0 348 1 611 2 438 9 869 5 936 6 541 3 476 8 381
1 82 4 121 7 600 6 515 8 728 0 832 5 970 3 164 9 771 2 397
8 340 4 947 3 462 6 80 9 5 7 239 2 657 5 405 1 903 0 446
9 321 3 134 7 814 6 883 1 941 4 685 5 847 2 362 8 399 0 126
7 122 3 413 0 885 2 153 4 462 5 311 1 60 6 293 9 416 8 645
3 176 9 360 6 776 2 293 8 666 4 355 7 248 1 606 0 15 5 50
7 113 3 791 6 256 5 970 1 667 9 75 4 59 0 426 8 753 2 442
0 814 5 20 3 575 4 84 8 507 7 581 9 426 2 670 6 900 1 256
9 530 0 950 5 460 6 713 1 710 3 179 4 240 2 764 8 372 7 734
8 696 2 990 7 187 6 61 4 206 0 892 5 495 9 54 1 210 3 704
7 1000 0 553 1 887 6 682 5 864 2 766 9 206 4 386 3 631 8 165
0 589 8 411 2 109 7 556 6 859 3 947 1 883 9 11 4 963 5 232
4 718 5 435 0 778 6 541 1 9 8 525 3 686 2 849 7 189 9 112
8 262 5 840 7 352 4 594 2 352 3 403 9 952 0 215 1 787 6 107
5 26 9 751 7 465 6 59 8 500 0 42 4 472 1 3 3 475 2 911
0 174 2 617 9 849 3 50 7 839 6 754 5 606 4 947 1 453 8 270
8 90 9 739 1 658 6 465 3 269 5 882 0 116 2 349 4 195 7 524
5 197 3 949 8 863 6 410 1 358 9 749 7 891 2 756 0 8 4 637
1 993 3 628 0 663 9 436 4 762 7 342 5 444 8 945 2 456 6 195
9 597 6 45 7 313 3 149 1 563 4 220 0 651 2 381 8 687 5 467
4 230 0 600 1 577 7 387 9 555 3 344 6 455 8 835 2 663 5 590
3 255 5 932 2 507 8 254 9 849 6 493 7 436 1 723 0 796 4 63
8 650 4 897 0 348 1 195 6 943 7 873 9 996 2 816 3 317 5 975
6 877 1 481 7 820 2 591 9 507 5 794 3 728 8 198 0 608 4 282
9 163 6 565 2 568 0 988 1 60 5 616 8 49 3 321 7 499 4 333
2 340 7 744 3 343 1 968 5 452 4 245 0 542 6 787 8 602 9 991
7 809 3 419 8 131 4 346 2 730 5 190 1 831 9 213 6 699 0 592
2 838 4 383 8 604 0 692 9 496 5 163 1 23 3 728 6 385 7 530
6 644 7 209 3 368 1 79 5 956 8 557 2 915 9 869 4 957 0 976
8 465 3 597 9 809 1 926 5 779 7 12 0 443 6 8 4 792 2 873
0 791 8 745 2 987 6 588 4 789 9 296 7 715 1 74 5 394 3 720
6 895 7 197 5 690 8 658 3 388 1 737 9 878 4 972 0 484 2 665
6 245 5 499 8 92 1 823 2 3 3 20 9 387 7 770 4 427 0 169
8 154 9 890 7 426 5 999 4 397 2 335 6 202 1 795 3 452 0 575
5 615 9 133 7 54 0 991 8 218 1 724 6 91 4 481 3 583 2 137
1 619 7 947 6 613 5 816 2 264 3 824 4 497 8 841 9 798 0 968
8 839 9 397 4 707 3 187 1 351 2 124 5 542 7 34 0 632 6 115
8 520 1 614 9 459 3 634 2 721 4 570 7 735 5 860 6 433 0 171
6 540 3 808 5 381 7 153 1 302 9 876 2 881 4 685 0 384 8 665
2 440 1 314 9 362 4 321 7 85 8 496 6 345 3 845 5 708 0 283
8 154 5 907 2 539 7 338 6 378 3 93 1 751 9 604 4 709 0 925
4 964 3 461 8 121 6 76 9 36 1 325 5 6 0 578 7 139 2 602
2 572 6 463 3 685 0 300 4 953 1 144 9 108 5 502 7 718 8 541
3 146 7 309 1 653 6 176 5 824 0 688 8 857 4 896 9 249 2 351
7 417 4 859 6 558 0 193 9 834 1 154 8 886 3 317 5 720 2 774
9 761 3 42 7 585 5 848 8 297 4 106 2 607 0 606 6 86 1 601
4 272 7 698 6 29 3 43 0 52 8 236 1 300 9 355 5 234 2 400
0 84 1 49 2 262 3 330 5 571 7 923 8 787 4 462 6 382 9 908
3 985 4 292 0 631 7 777 5 99 9 536 8 457 6 920 1 144 2 832
4 37 0 692 6 420 1 718 2 959 3 491 5 27 7 485 9 186 8 104
6 697 2 793 4 765 0 972 3 489 9 591 1 825 7 256 5 600 8 515
5 71 9 453 7 108 8 89 6 59 2 836 3 502 4 251 0 55 1 554
2 257 4 705 6 237 0 755 7 415 8 710 3 854 9 960 5 431 1 279
0 120 5 107 7 228 6 678 9 374 1 6 2 717 8 125 3 226 4 947
6 68 2 823 7 768 0 398 1 422 9 536 5 87 8 735 3 430 4 612
9 329 0 716 6 166 3 837 8 684 2 811 1 371 4 174 7 916 5 757
2 659 6 676 3 879 5 934 4 62 7 781 0 701 1 129 8 646 9 800
0 762 7 585 9 701 8 60 2 650 6 850 5 874 4 669 3 624 1 925
9 271 1 296 4 762 8 930 5 169 6 416 3 60 2 144 0 765 7 9
1 335 9 880 8 268 2 170 7 14 0 216 3 218 5 960 6 973 4 819
4 569 7 109 2 727 3 221 9 285 1 831 0 554 5 653 6 468 8 388
1 81 9 227 2 460 0 588 6 270 5 408 8 176 7 239 4 849 3 373
3 833 9 485 5 130 6 276 8 181 1 700 7 311 4 947 0 494 2 812
8 586 5 663 4 769 7 263 2 939 1 876 9 162 0 780 6 477 3 890
6 817 0 266 2 831 7 420 5 283 1 497 8 361 9 923 3 535 4 29
9 785 4 143 3 162 7 764 1 609 0 749 2 554 6 710 5 871 8 875
2 812 9 469 3 625 4 480 1 899 7 26 6 218 5 922 8 766 0 862
0 966 2 351 3 652 4 602 8 62 5 229 9 574 7 686 6 224 1 389
9 249 5 942 7 142 3 601 1 822 0 803 6 849 2 791 4 936 8 309
4 841 6 133 3 690 0 334 5 852 8 532 7 186 1 754 9 322 2 170
0 566 6 507 9 448 8 127 3 801 4 680 5 857 2 353 7 874 1 541
3 437 2 987 6 90 1 598 4 188 8 848 0 512 9 454 7 796 5 349
2 674 9 892 6 67 4 589 3 818 0 724 7 369 5 710 8 211 1 580
8 476 1 80 4 878 6 877 7 82 2 118 5 365 0 89 3 789 9 709
8 723 4 764 3 726 6 49 9 559 0 762 5 201 1 119 2 603 7 232
3 32 1 877 8 861 6 743 7 734 5 206 9 113 0 739 2 91 4 170
8 385 3 691 7 31 0 433 1 242 6 896 4 13 9 320 5 876 2 184
8 157 2 548 0 629 9 108 3 870 7 484 1 811 5 437 4 854 6 403
7 261 3 54 8 391 6 370 2 748 4 339 9 177 0 717 1 715 5 799
9 430 1 412 4 128 5 699 3 997 6 233 0 382 7 154 2 926 8 369
2 728 0 561 5 207 1 955 4 956 9 580 3 657 7 910 8 362 6 372
5 778 3 384 6 96 9 820 0 135 1 520 8 588 7 627 2 206 4 301
1 212 8 892 2 150 3 983 0 805 4 976 9 115 5 611 6 22 7 30
4 298 3 925 9 472 6 432 2 805 7 758 5 892 8 839 1 459 0 500
5 353 1 921 6 127 3 761 8 553 7 134 4 795 0 731 9 887 2 715
2 770 8 338 4 576 6 949 3 887 7 689 0 411 9 671 5 53 1 260
4 285 9 647 1 579 8 608 6 605 2 194 0 763 3 168 7 801 5 464
5 736 4 659 3 772 9 914 2 82 7 954 8 68 1 464 6 160 0 487
5 148 3 479 8 384 6 354 9 211 4 695 1 621 2 477 7 22 0 171
9 534 4 623 3 545 5 106 1 855 2 14 8 293 7 122 6 551 0 653
7 487 5 916 3 165 1 813 0 813 4 98 9 847 8 888 6 830 2 325
3 640 5 472 4 12 9 988 8 645 0 86 7 360 1 46 2 93 6 719
2 531 4 528 9 955 1 617 3 21 8 539 7 553 5 99 6 588 0 92
3 290 1 962 8 137 0 463 7 396 5 456 2 738 4 718 6 737 9 398
1 904 4 778 9 665 8 323 0 958 6 141 2 997 7 573 5 741 3 150
1 946 6 283 9 661 2 515 5 759 7 405 3 12 0 629 8 205 4 587
4 748 3 77 0 691 6 547 1 757 9 213 5 795 7 886 2 807 8 377
0 125 7 538 9 153 4 483 6 677 3 850 5 635 1 70 8 99 2 776
3 68 1 331 8 520 6 589 7 809 0 527 4 936 9 296 2 883 5 830
5 560 1 690 9 948 0 128 7 20 4 787 3 405 6 945 8 101 2 853
1 471 6 439 9 950 7 629 3 676 8 420 5 586 0 658 4 345 2 459
1 100 3 694 0 275 6 504 9 483 7 809 2 514 5 160 4 583 8 565
1 846 2 280 5 460 4 261 7 661 6 377 8 602 9 206 0 871 3 456
7 70 5 951 0 646 2 308 9 609 1 389 6 341 8 929 3 987 4 47
9 795 2 793 5 44 3 361 0 156 6 370 8 999 4 755 1 165 7 835
4 939 7 233 2 626 0 720 3 119 8 606 6 389 9 580 1 529 5 897
5 485 6 462 8 747 3 570 7 889 2 5 0 298 9 446 1 791 4 837
0 780 9 29 5 358 7 187 4 942 1 629 8 468 2 965 3 144 6 152
4 573 5 778 7 542 2 64 0 329 1 513 9 339 6 570 3 768 8 270
2 372 6 288 3 628 5 495 0 598 9 593 4 595 8 101 7 141 1 403
0 352 2 245 8 98 6 857 4 373 1 430 5 39 9 143 3 511 7 989
0 395 5 2 7 782 3 891 2 325 1 37 9 16 6 609 8 966 4 501
8 769 4 154 0 872 3 6 2 248 7 174 9 509 5 295 1 161 6 176
4 717 6 289 3 834 7 117 5 663 0 957 8 413 1 844 9 571 2 490
5 529 3 141 1 586 7 750 2 565 4 970 6 251 8 932 0 490 9 666
3 915 2 20 8 420 5 828 9 920 1 496 6 181 0 529 4 354 7 298
9 870 2 522 4 79 8 619 1 59 0 641 5 313 7 566 3 609 6 603
9 589 5 851 6 342 4 346 8 723 0 368 2 333 7 329 3 541 1 682
5 69 4 65 1 967 7 673 0 134 2 385 8 521 6 81 9 207 3 2
2 659 0 877 8 686 4 664 5 462 1 310 3 37 9 804 6 931 7 641
8 333 6 438 5 114 9 822 4 922 1 576 3 17 0 588 2 979 7 46
5 951 2 835 7 812 4 730 3 972 0 857 1 498 6 980 9 455 8 78
6 482 4 662 9 779 8 811 0 70 3 237 7 839 5 93 2 53 1 867
7 249 6 352 9 718 1 170 5 54 8 382 3 89 2 803 4 536 0 287
9 466 2 100 3 893 5 306 7 26 1 944 6 752 4 697 8 916 0 241
1 158 0 410 6 889 9 464 7 350 8 2 5 457 4 221 3 926 2 949
8 351 3 330 2 79 6 512 9 471 5 505 0 268 1 392 4 22 7 15
3 916 2 731 4 14 6 504 5 74 1 667 0 941 9 225 8 701 7 115
7 585 1 748 5 361 6 810 2 178 4 14 0 489 8 269 3 412 9 997
7 102 4 577 8 239 5 165 9 97 0 46 6 53 2 658 1 769 3 343
3 783 9 63 8 34 2 389 7 556 6 629 5 738 0 483 4 703 1 535
8 217 1 757 5 740 9 650 6 541 4 986 2 664 3 602 7 494 0 624
3 626 0 640 6 772 7 534 5 745 8 711 9 540 2 164 4 979 1 62
0 401 6 655 2 998 3 760 9 613 5 826 4 375 1 39 7 259 8 534
5 382 0 207 6 351 2 97 4 762 8 350 3 589 9 724 1 70 7 281
4 899 3 375 9 519 2 746 8 468 5 871 7 225 6 246 0 394 1 464
1 597 2 730 9 431 4 269 6 969 5 214 3 216 0 468 8 20 7 410
8 847 9 439 3 756 7 909 4 227 1 757 5 494 2 924 6 126 0 95
4 233 1 807 7 75 2 350 9 520 8 903 3 986 6 329 5 338 0 692
1 25 6 20 5 640 2 355 4 272 8 613 3 826 7 413 0 233 9 336
2 510 7 602 0 395 3 523 5 870 4 316 1 746 8 595 9 661 6 17
0 260 4 509 5 293 3 728 7 354 2 953 1 592 9 228 8 785 6 384
4 626 5 118 9 588 7 590 6 487 2 692 0 688 1 754 8 110 3 104
9 411 6 51 3 593 8 580 1 10 0 205 4 800 5 129 7 286 2 881
2 961 8 519 0 410 1 66 9 399 7 103 5 316 3 396 4 204 6 364
4 13 1 255 3 339 9 671 5 303 0 33 7 23 2 346 6 202 8 505
2 513 7 460 9 459 0 519 6 170 8 427 4 161 5 914 1 646 3 848
5 701 9 962 7 617 6 916 1 341 2 467 3 601 8 737 4 981 0 707
2 79 9 27 4 740 1 658 5 691 6 653 8 94 0 24 3 739 7 832
7 107 1 485 4 631 8 797 3 67 0 890 9 708 2 804 6 924 5 709
0 796 6 133 9 770 5 529 4 422 7 524 3 721 8 148 2 616 1 266
1 2 5 562 3 261 2 478 0 456 9 222 8 948 6 26 7 197 4 641
7 191 3 746 8 318 5 251 4 828 0 783 6 888 2 14 9 828 1 665
0 542 3 427 6 5 5 740 2 480 9 36 4 15 1 393 7 17 8 96
7 15 2 758 5 645 3 949 8 499 6 296 9 957 4 55 0 187 1 67
2 97 0 47 7 296 9 156 6 537 3 439 1 980 4 238 5 343 8 769
1 413 9 312 5 980 7 943 8 399 0 520 2 478 3 998 6 757 4 1
5 386 4 780 8 340 9 816 6 468 2 952 3 180 1 805 0 681 7 920
9 764 0 156 8 653 7 237 5 681 6 506 4 253 1 156 3 403 2 829
9 675 3 110 2 412 0 293 1 250 5 550 8 341 4 463 7 629 6 98
0 614 7 120 3 840 4 811 2 994 1 85 5 626 8 127 6 109 9 673
0 766 8 510 2 683 4 833 6 613 9 297 1 231 5 393 7 249 3 798
7 68 6 65 8 784 2 464 3 811 5 562 1 971 9 748 0 522 4 147
8 930 3 238 0 165 2 304 6 406 9 482 4 708 7 17 1 915 5 774
2 721 7 161 6 280 5 676 4 572 8 685 0 205 9 654 1 981 3 92
5 863 4 226 7 581 1 182 9 770 2 861 0 545 3 517 8 60 6 316
8 627 5 776 2 306 3 381 1 903 0 567 6 329 7 404 4 144 9 96
9 691 4 729 8 197 6 136 0 469 3 631 5 371 2 573 7 521 1 904
8 263 3 720 7 884 2 435 5 104 4 512 9 437 1 616 0 511 6 505
1 353 5 690 4 805 0 796 2 152 6 179 7 207 3 536 8 93 9 414
1 1000 9 806 3 463 8 941 0 659 7 146 4 271 6 770 2 924 5 333
3 813 1 395 8 738 2 847 4 507 5 110 7 106 0 618 9 326 6 772
1 755 8 154 5 5 2 507 9 178 6 209 3 591 4 380 7 122 0 223
7 245 3 947 8 969 5 982 1 361 0 748 6 514 2 91 4 290 9 690
0 578 1 393 3 509 9 394 7 193 8 935 4 250 6 135 2 40 5 98
2 944 8 623 5 297 0 69 7 477 9 27 4 351 3 4 6 845 1 788
2 995 5 41 3 510 6 792 7 608 0 741 9 287 1 283 4 739 8 528
0 315 1 418 9 691 6 940 7 326 3 355 4 417 2 684 5 834 8 593
7 92 4 554 8 470 3 388 1 652 0 917 9 940 2 909 5 712 6 577
6 294 4 302 5 678 1 185 2 420 0 368 7 471 9 31 3 100 8 942
2 157 6 756 4 118 7 895 0 897 5 467 1 283 3 649 8 541 9 552
1 906 8 361 9 99 3 591 5 182 0 399 6 288 4 254 7 384 2 165
1 377 0 148 6 836 3 328 8 296 5 99 7 402 4 216 9 211 2 632
1 204 4 90 8 945 7 540 5 807 6 612 0 529 2 515 9 912 3 936
0 218 7 33 3 180 8 890 9 177 2 868 1 531 4 612 6 194 5 317
1 619 6 577 2 934 0 288 5 837 3 205 8 348 7 715 4 93 9 883
9 952 0 76 5 51 6 185 8 61 7 18 4 273 2 150 3 744 1 85
6 921 4 228 9 802 7 906 0 141 5 9 2 50 3 935 1 946 8 975
8 845 0 437 6 153 2 986 5 826 4 90 9 587 1 953 7 663 3 534
5 49 9 558 8 681 2 902 6 277 4 89 1 572 0 788 3 265 7 281
1 960 8 728 6 218 7 121 3 724 2 599 4 696 9 81 0 25 5 178
8 341 7 715 2 637 6 74 0 615 5 782 4 427 9 446 1 892 3 505
4 220 9 255 7 977 0 101 2 444 5 243 6 167 1 252 8 467 3 45
7 131 2 912 5 550 9 62 0 560 6 315 1 969 3 421 8 970 4 534
2 740 9 738 5 354 0 134 7 255 6 936 3 225 8 241 1 731 4 208
0 819 4 727 9 63 6 178 3 370 5 171 8 28 1 391 2 636 7 863
0 325 6 378 3 834 4 599 9 598 1 789 7 277 8 823 5 944 2 247
2 815 1 286 3 310 5 891 4 579 8 75 0 207 9 196 7 987 6 294
0 56 7 572 2 332 5 400 9 661 3 44 4 768 8 868 1 804 6 693
3 655 0 47 8 295 5 326 9 419 2 659 1 444 6 607 4 95 7 55
7 906 6 841 0 994 1 347 4 658 5 264 3 590 9 198 8 464 2 257
7 872 5 50 8 116 4 749 2 683 0 392 9 425 3 120 6 662 1 301
8 770 2 195 1 846 6 310 0 916 5 645 9 265 4 680 3 764 7 224
4 729 2 840 6 373 3 872 8 496 7 513 1 789 9 302 0 902 5 524
6 46 0 563 9 77 8 201 2 332 1 288 4 741 3 563 7 848 5 66
3 681 0 666 5 848 4 83 2 692 1 754 6 320 7 43 9 201 8 41
7 377 3 318 5 223 1 430 6 748 2 966 4 869 9 349 0 644 8 209
1 15 2 831 9 821 4 718 6 101 0 422 3 181 5 441 7 21 8 629
7 445 6 230 9 468 1 70 3 171 4 346 5 206 8 470 0 336 2 805
5 239 6 355 7 241 9 115 3 309 8 381 4 972 1 410 2 629 0 658
4 305 8 717 5 870 0 444 2 306 1 831 6 237 9 421 7 697 3 404
8 302 7 275 0 204 9 257 3 140 5 518 4 31 6 884 1 990 2 645
8 375 5 294 9 463 3 521 7 222 6 524 1 967 0 778 4 48 2 173
2 43 8 565 5 569 0 462 4 317 1 351 3 809 7 873 6 249 9 571
3 917 5 676 1 710 6 943 9 10 7 590 0 197 2 117 4 624 8 180
3 402 1 325 6 226 8 458 9 116 4 40 5 6 2 701 0 898 7 383
0 645 1 996 2 691 6 881 4 440 8 535 3 546 7 708 5 796 9 488
5 517 4 891 9 412 7 591 2 24 3 990 0 402 6 753 8 491 1 912
6 706 5 320 4 333 1 465 7 811 3 45 0 618 2 531 8 131 9 346
8 952 1 377 4 54 0 860 3 51 9 803 2 226 5 350 6 40 7 255
5 850 9 425 3 948 6 618 0 580 1 535 8 697 4 980 7 129 2 247
3 465 6 698 5 521 9 378 4 570 7 700 0 377 8 524 1 839 2 46
7 514 1 902 9 479 4 669 0 447 3 689 5 741 6 191 8 747 2 733
3 491 6 540 4 484 0 991 8 611 9 716 7 616 5 880 2 155 1 766
1 626 5 34 8 156 6 944 9 921 3 159 4 727 0 596 2 174 7 770
1 109 5 407 9 751 6 374 4 106 3 253 2 733 8 501 7 669 0 752
4 126 0 632 9 375 5 464 8 560 6 598 1 765 2 788 7 483 3 904
8 515 0 822 5 882 7 353 1 591 3 805 9 406 2 26 4 24 6 828
8 982 0 811 7 161 4 920 6 254 9 398 2 717 5 742 1 947 3 854
5 784 8 531 0 473 1 533 4 648 7 629 3 617 9 994 6 263 2 470
5 35 7 817 2 230 3 482 0 452 4 53 9 527 6 598 1 19 8 825
5 359 8 384 3 429 0 580 2 550 7 773 1 467 9 746 4 701 6 237
5 766 8 319 7 850 2 875 3 383 1 518 6 107 4 720 9 740 0 752
3 533 0 224 2 530 9 681 5 143 7 604 8 580 4 916 6 712 1 198
3 966 7 318 4 650 0 588 2 144 1 424 5 17 8 571 6 914 9 214
1 740 0 716 9 793 2 364 6 703 7 540 8 611 3 64 4 810 5 278
5 52 2 203 7 98 4 771 3 974 1 890 0 722 9 498 8 286 6 145
7 654 1 178 5 745 4 70 0 563 2 67 9 467 6 35 3 798 8 485
8 383 4 349 7 232 9 889 3 504 5 106 6 938 2 332 1 162 0 591
6 875 2 201 7 390 5 167 3 163 4 365 0 537 1 600 8 459 9 686
7 376 3 648 1 156 9 293 5 473 0 549 2 704 8 731 4 769 6 321
1 928 7 144 4 646 0 676 9 539 3 390 8 600 2 516 5 152 6 228
3 265 1 95 7 625 5 119 8 901 9 185 0 252 4 866 6 392 2 97
5 207 8 462 9 723 4 981 2 950 3 60 6 75 1 910 0 12 7 983
2 910 1 159 9 276 7 248 6 442 4 535 5 339 8 793 0 84 3 374
3 429 6 346 0 98 8 187 7 760 9 498 5 638 4 780 2 504 1 941
2 407 1 671 9 160 0 156 6 61 4 541 7 26 8 611 5 193 3 287
2 91 7 707 4 191 8 736 9 550 5 624 0 169 6 938 3 283 1 189
2 457 8 44 6 140 1 146 7 706 5 273 3 292 9 608 0 795 4 748
4 620 3 27 5 826 7 207 9 132 6 678 8 745 0 659 2 714 1 301
8 848 0 66 7 514 2 379 1 87 9 16 4 458 6 788 5 237 3 336
7 160 9 949 2 858 6 755 8 474 1 304 3 733 0 611 5 202 4 755
1 875 0 309 2 276 8 167 5 109 7 293 3 341 4 471 9 500 6 4
7 403 9 359 0 644 3 844 5 571 6 411 8 538 4 260 2 251 1 873
1 563 7 646 5 836 9 527 4 635 3 518 6 979 8 942 0 623 2 390
4 692 7 617 6 487 9 932 1 371 5 206 3 291 0 557 8 273 2 146
8 665 1 882 7 952 4 156 2 425 0 424 5 668 9 623 3 317 6 903
8 773 7 243 9 951 0 352 4 124 5 190 1 793 2 329 3 2 6 939
1 236 3 981 4 872 5 68 2 509 8 244 6 510 7 212 9 26 0 642
7 52 8 133 1 253 3 851 4 862 2 592 6 538 5 380 0 623 9 780
5 947 9 845 0 190 4 125 1 438 3 994 7 597 6 573 2 807 8 529
1 924 7 713 0 111 8 742 2 905 5 234 9 753 4 745 3 665 6 660
9 973 3 481 5 160 8 403 2 563 1 818 7 129 6 216 4 493 0 714
5 786 7 12 2 57 8 450 3 271 0 452 4 698 9 904 1 26 6 450
0 266 1 680 4 100 3 260 6 78 2 811 8 67 7 501 5 278 9 960
4 255 5 978 8 575 2 374 0 642 9 104 1 775 3 564 7 36 6 216
4 572 6 735 7 832 9 420 3 634 1 659 5 311 8 435 2 951 0 917
3 903 6 384 8 637 7 613 1 247 5 321 9 283 4 809 0 218 2 643
6 520 9 444 1 637 8 779 4 5 7 773 5 871 2 383 3 878 0 756
0 524 7 867 3 845 2 735 5 486 4 744 6 10 9 347 1 296 8 927
5 579 9 686 4 104 3 67 7 692 6 977 2 369 8 324 0 980 1 603
4 698 6 663 7 468 1 233 3 191 8 338 0 620 5 945 2 794 9 414
2 275 9 566 5 365 8 838 1 130 3 118 7 518 4 620 0 46 6 910
0 655 9 403 4 105 8 615 3 929 2 895 5 580 7 970 1 110 6 984
6 139 3 959 5 824 9 101 2 837 1 147 0 408 7 244 8 694 4 216
8 582 5 200 2 138 7 542 9 746 4 132 6 65 3 503 1 726 0 204
1 154 6 152 0 672 3 676 2 261 5 396 4 231 8 815 7 496 9 331
8 721 1 569 6 357 5 439 7 918 3 896 9 111 2 775 4 509 0 37
7 616 4 380 8 689 9 697 5 88 6 544 1 480 0 834 2 308 3 759
1 296 7 973 8 760 5 230 9 470 0 749 3 994 4 576 6 621 2 177
0 245 7 96 2 159 4 764 5 350 8 192 9 890 1 934 6 231 3 480
4 130 7 624 6 766 2 698 0 431 9 365 3 673 1 713 8 211 5 604
2 424 8 66 0 874 1 169 6 966 3 307 4 558 9 883 7 798 5 617
9 822 1 32 5 510 8 813 7 907 4 69 2 386 6 46 0 583 3 978
5 32 2 922 6 354 1 210 4 148 3 709 7 978 9 272 0 304 8 909
0 134 9 972 8 385 1 76 7 239 5 93 6 344 2 324 4 404 3 913
6 571 3 329 4 232 0 608 8 16 2 439 7 170 9 927 1 661 5 669
6 193 8 48 2 799 5 417 1 466 4 350 0 358 7 571 3 344 9 94
9 865 2 350 5 942 1 929 8 451 0 472 3 979 7 854 4 929 6 123
8 515 3 316 6 30 7 564 5 550 9 829 0 582 1 641 2 848 4 447
0 443 4 968 8 52 2 836 1 511 7 346 6 581 5 409 9 303 3 678
4 715 6 555 9 72 1 394 7 110 5 765 2 729 3 500 0 667 8 718
7 597 5 878 0 144 8 752 6 723 2 584 3 213 4 651 1 588 9 560
1 824 0 608 6 792 5 332 7 13 8 98 2 149 9 456 4 225 3 902
9 909 1 51 5 25 7 467 2 746 3 492 8 820 0 156 6 705 4 298
9 897 5 707 3 41 1 152 8 718 0 184 2 350 4 856 7 727 6 446
4 631 9 254 6 687 8 599 3 528 1 109 7 422 5 70 0 508 2 623
0 616 8 538 5 682 6 358 7 389 1 266 9 947 4 176 2 570 3 211
9 798 7 223 8 963 2 359 3 184 0 334 5 675 6 368 1 507 4 111
6 34 3 202 4 770 8 145 5 225 1 47 9 366 2 503 7 885 0 820
5 256 1 636 9 958 0 200 3 508 7 994 4 611 6 796 2 262 8 467
2 908 3 46 6 355 7 254 9 500 1 872 8 383 0 467 5 16 4 605
2 862 3 18 4 248 7 884 5 841 1 492 0 594 6 85 9 528 8 429
2 613 7 848 1 854 6 362 8 88 3 813 9 597 0 917 5 559 4 421
6 423 9 415 0 191 1 624 3 454 8 37 7 712 4 520 2 232 5 267
6 148 5 579 4 107 7 460 1 599 8 142 3 545 2 812 9 149 0 140
8 640 9 845 5 322 4 974 0 529 7 125 2 474 6 668 1 370 3 121
5 478 7 962 3 202 1 75 4 175 8 589 9 241 2 542 0 627 6 157
3 754 5 202 7 913 6 109 2 214 9 787 4 338 0 133 8 301 1 92
6 878 1 729 8 579 2 905 7 664 0 602 3 950 4 706 5 576 9 522
1 607 3 115 7 243 5 605 6 156 4 544 0 696 9 547 2 497 8 366
0 577 3 177 1 719 8 93 6 964 7 215 9 242 4 961 2 789 5 205
4 290 2 592 3 331 8 327 9 902 7 670 1 500 6 256 5 951 0 771
2 205 7 802 8 361 1 615 5 425 0 11 9 889 6 796 4 941 3 147
5 626 4 817 3 358 0 378 9 875 6 607 7 40 1 223 8 805 2 147
4 429 9 634 0 203 6 684 3 142 2 779 8 803 5 455 7 56 1 100
1 779 2 174 4 950 6 401 0 841 3 304 5 782 7 784 8 572 9 578
0 107 2 459 7 217 8 578 6 615 3 171 1 722 5 924 9 819 4 230
0 897 2 325 3 156 7 417 9 421 6 445 1 3 8 785 4 783 5 378
7 42 2 418 1 268 0 271 6 894 8 707 4 534 3 283 5 365 9 265
0 225 4 798 1 885 3 903 5 31 8 239 7 903 2 151 9 145 6 408
7 782 5 387 8 979 9 451 3 488 6 628 2 67 4 470 1 808 0 740
0 782 8 785 9 125 1 262 5 486 7 456 2 402 4 331 6 763 3 636
4 707 0 280 3 957 9 636 7 449 1 522 8 683 2 786 6 738 5 212
0 636 9 688 1 960 5 711 3 960 8 56 4 940 6 80 7 433 2 443
8 655 6 192 0 371 2 345 1 533 9 301 4 189 7 135 5 550 3 485
3 948 5 223 7 218 8 90 4 667 6 25 1 912 0 361 2 864 9 800
7 396 9 61 2 261 5 95 4 219 3 481 1 354 8 929 0 852 6 546
5 820 8 40 9 740 0 354 2 420 3 670 6 910 7 705 4 510 1 663
3 269 8 182 7 260 1 1000 5 71 9 180 0 303 2 376 4 889 6 991
5 778 6 148 9 737 3 694 1 411 4 217 8 356 0 162 7 774 2 938
2 180 3 36 6 615 5 290 8 925 4 582 7 756 9 483 0 588 1 423
7 221 2 389 4 844 3 954 0 969 9 858 1 183 8 536 5 342 6 622
2 334 5 329 0 372 1 548 9 501 4 570 7 855 3 107 8 166 6 209
7 1000 6 639 8 192 3 132 2 735 0 284 4 660 9 207 1 414 5 86
9 691 3 844 5 989 0 948 8 119 4 932 2 941 7 698 6 901 1 188
5 763 1 37 6 908 3 307 7 772 9 978 4 333 8 279 0 775 2 896
0 126 5 400 9 548 6 324 1 669 8 180 2 431 3 386 7 61 4 745
1 72 0 9 9 728 3 250 5 690 6 656 2 650 7 209 4 965 8 724
5 165 4 578 8 547 7 547 9 910 3 296 0 508 6 851 1 739 2 72
8 47 5 532 1 1000 4 747 9 189 2 204 0 877 6 954 3 91 7 977
9 581 1 290 2 524 8 321 6 422 0 558 7 120 5 45 3 568 4 148
9 750 0 508 7 947 8 32 1 425 6 700 4 561 2 572 5 714 3 683
7 669 4 889 8 9 0 163 5 295 2 303 3 841 9 36 1 886 6 248
7 592 4 284 1 232 2 851 6 351 5 769 0 33 9 605 3 284 8 791
8 261 4 569 5 386 2 389 3 756 0 280 1 98 9 234 6 857 7 236
4 1000 6 333 0 374 8 30 9 92 1 234 2 872 7 712 5 347 3 528
8 3 1 108 0 289 5 511 4 706 6 723 2 813 9 519 3 381 7 713
8 42 9 899 1 135 5 814 3 382 6 941 0 10 4 968 7 297 2 507
9 529 6 171 3 595 0 991 5 538 1 3 4 745 2 396 8 935 7 537
1 38 8 540 0 16 5 752 7 971 3 54 2 398 4 435 6 451 9 189
8 838 2 56 7 669 4 36 5 704 0 156 1 270 6 414 9 595 3 866
5 538 8 618 6 119 7 167 0 39 2 371 1 102 3 36 9 166 4 373
4 415 9 222 1 727 8 419 3 337 5 906 0 985 2 366 6 681 7 498
9 155 8 24 6 376 2 404 4 313 3 495 5 124 1 50 7 78 0 13
6 873 0 420 1 146 9 747 5 908 2 425 3 912 8 14 7 348 4 933
8 511 5 938 6 501 3 828 4 419 9 370 2 170 1 293 0 199 7 738
1 967 2 433 6 241 4 476 9 808 8 211 5 251 3 174 7 889 0 122
0 321 6 685 3 530 1 353 8 724 7 27 5 735 9 71 4 234 2 499
6 522 1 242 0 247 3 598 8 21 2 103 5 140 9 421 7 120 4 940
5 674 4 310 8 427 6 727 0 699 1 453 7 745 9 303 3 966 2 543
2 825 9 112 1 917 7 148 8 42 5 660 4 12 3 197 0 378 6 621
3 896 6 760 9 523 5 655 0 2 2 45 4 450 7 866 1 807 8 720
7 526 2 781 6 405 8 831 9 26 4 294 3 844 0 94 1 622 5 278
5 158 2 918 8 40 6 401 3 372 0 372 1 747 9 147 7 615 4 629
0 401 6 982 7 416 2 495 1 595 8 592 4 605 5 851 9 425 3 66
6 856 1 319 2 535 9 467 8 357 5 48 0 815 7 802 4 743 3 156
2 853 9 379 7 576 8 605 0 748 4 528 1 28 3 66 5 610 6 569
1 281 9 136 2 522 4 15 8 717 6 909 5 54 0 793 7 859 3 797
6 46 8 698 2 651 5 101 4 17 0 706 9 341 3 501 1 175 7 352
6 346 0 331 3 114 2 777 8 239 7 130 1 271 4 10 9 39 5 914
4 100 7 858 6 164 8 552 9 663 0 83 1 474 3 142 5 640 2 967
7 272 1 334 8 220 3 734 6 156 2 791 9 392 0 182 4 649 5 242
4 614 5 580 1 431 3 415 9 335 8 766 0 432 7 488 2 413 6 387
8 115 3 751 4 828 6 250 9 662 2 107 7 412 0 167 5 772 1 206
7 909 8 628 5 409 1 274 0 208 6 804 9 14 4 105 2 710 3 346
1 534 8 364 6 48 4 305 2 972 5 707 0 73 3 333 7 270 9 147
6 292 7 734 3 826 2 206 4 477 1 13 5 451 8 861 0 887 9 262
1 632 6 192 3 730 8 349 4 9 2 133 9 150 5 118 7 247 0 335
0 360 4 724 8 271 3 46 7 752 9 307 5 203 6 484 1 525 2 666
7 22 6 600 0 414 5 887 1 193 4 980 8 381 3 206 2 390 9 168
7 218 8 877 1 424 2 761 9 226 6 14 3 621 5 884 0 89 4 24
4 778 3 132 9 259 7 863 0 649 8 116 6 795 5 55 2 513 1 423
8 678 9 264 2 18 0 66 7 815 6 891 4 732 5 178 1 552 3 99
1 987 7 738 5 745 3 391 8 753 0 69 2 640 4 852 9 944 6 418
2 854 4 287 0 210 1 910 3 130 5 799 9 575 6 187 8 84 7 689
9 802 1 613 5 56 2 981 7 137 0 229 3 612 4 806 8 831 6 703
7 192 9 431 3 375 5 710 8 962 6 401 0 167 2 568 4 482 1 161
6 967 9 68 5 153 2 102 7 804 0 495 4 457 3 576 8 462 1 837
8 248 4 828 6 434 9 477 2 359 0 796 5 276 1 294 7 385 3 147
9 237 0 685 7 19 6 406 4 29 8 753 5 199 3 462 1 150 2 893
4 236 6 595 1 69 2 540 7 341 9 434 3 981 8 572 0 284 5 686
9 969 3 433 4 483 2 933 8 773 1 561 7 175 6 745 5 186 0 256
4 498 5 223 1 820 2 162 7 523 6 460 8 282 0 997 9 140 3 395
9 778 6 330 4 168 2 76 0 606 5 152 7 815 1 494 3 559 8 152
9 279 6 341 7 396 4 96 1 528 5 79 0 71 3 351 2 109 8 176
8 860 2 311 4 250 3 805 5 199 0 320 9 878 7 237 6 761 1 104
1 318 0 876 5 766 3 9 2 595 9 553 7 295 6 643 8 258 4 135
6 415 9 945 0 814 2 537 8 620 1 152 3 724 5 991 7 179 4 793
9 219 7 45 6 120 3 71 8 798 5 162 2 593 1 332 4 599 0 694
7 214 6 758 5 417 9 476 2 72 8 95 3 242 4 463 0 75 1 826
2 163 3 737 4 801 0 697 5 142 1 246 6 676 8 428 9 675 7 136
0 559 3 947 6 231 1 708 8 465 2 453 5 73 9 849 7 896 4 481
7 738 8 577 3 22 9 769 6 337 2 511 0 754 1 239 5 112 4 432
4 830 0 56 8 430 3 63 6 857 7 493 2 530 5 529 9 592 1 544
4 457 7 487 0 573 8 115 9 52 5 49 1 868 3 356 2 361 6 143
3 310 1 860 9 891 5 515 4 148 0 839 7 121 8 226 2 818 6 23
4 809 7 50 0 589 1 521 8 663 6 966 3 490 9 673 5 126 2 164
7 277 6 24 2 785 5 935 8 619 4 155 1 710 9 48 3 732 0 736
1 335 2 655 9 808 6 954 8 383 3 184 0 373 5 275 7 294 4 841
1 482 9 537 8 553 7 223 0 468 4 369 5 361 3 537 6 618 2 648
9 150 1 164 2 838 3 785 5 615 4 725 7 3 8 808 0 361 6 629
4 790 0 229 6 946 7 350 8 858 5 860 1 265 3 788 9 556 2 146
8 707 1 583 0 671 5 434 9 164 4 253 3 909 6 117 2 49 7 276
9 548 3 863 0 222 5 325 1 16 7 926 2 817 6 484 4 546 8 558
0 193 6 116 5 629 3 520 8 812 2 856 4 80 1 505 9 196 7 27
9 997 8 910 3 966 4 825 5 342 0 62 1 983 7 199 2 671 6 248
6 298 5 412 0 483 9 370 4 778 1 307 2 102 8 435 7 513 3 793
9 340 2 385 4 275 3 857 6 989 8 204 0 578 1 303 5 710 7 500
5 30 3 858 2 69 7 541 1 81 4 74 6 969 8 696 0 700 9 440
7 227 5 742 0 561 4 69 8 229 1 13 3 567 9 699 6 621 2 885
9 907 1 128 8 229 0 468 6 185 2 808 7 99 4 861 5 559 3 930
0 232 5 696 3 146 9 555 6 296 1 491 2 280 4 551 7 877 8 117
3 945 0 110 2 447 5 443 8 210 4 698 9 252 1 44 6 527 7 719
9 440 1 999 8 77 7 452 3 929 2 780 5 537 4 638 6 186 0 456
2 864 0 851 6 450 3 618 8 621 4 867 1 112 7 130 9 936 5 323
3 134 2 914 5 665 1 716 9 742 4 652 8 665 7 416 0 61 6 474
7 160 9 36 4 291 3 141 0 593 2 185 8 260 6 573 1 502 5 437
3 567 0 1000 5 105 6 598 8 800 2 950 4 849 9 415 1 555 7 928
0 237 8 195 5 119 6 184 1 912 4 302 9 613 3 724 2 321 7 82
2 772 8 213 4 869 9 151 0 947 7 860 1 115 6 412 3 330 5 459
3 596 4 602 2 613 7 953 1 174 9 777 5 805 8 663 0 467 6 585
9 149 5 984 6 202 2 170 7 590 1 582 0 890 3 247 4 431 8 615
0 159 1 749 4 157 7 751 9 442 8 74 2 411 5 758 6 409 3 337
7 534 8 90 4 344 9 321 5 56 3 183 2 666 6 533 0 703 1 75
7 320 6 31 5 369 4 526 9 277 3 597 2 838 8 495 0 291 1 325
8 729 7 362 3 262 9 909 4 420 2 412 5 28 0 819 6 104 1 73
4 437 2 995 3 734 1 669 8 548 0 399 5 357 9 551 6 426 7 504
6 704 4 964 9 259 8 195 1 491 5 191 3 911 0 239 2 754 7 398
5 192 2 747 3 854 8 152 6 611 9 996 4 565 1 730 0 373 7 756
6 709 0 873 3 531 8 439 2 428 9 529 1 222 4 702 5 519 7 276
7 921 5 870 6 933 4 975 2 160 3 259 1 536 0 134 9 135 8 101
2 399 4 944 5 404 1 933 7 650 8 349 0 490 6 641 9 140 3 563
8 563 6 267 3 734 7 720 4 233 0 232 9 702 2 722 1 104 5 820
0 675 3 2 1 852 5 234 2 75 8 896 6 531 9 353 7 75 4 111
4 167 5 699 7 418 6 89 1 867 9 807 8 338 2 501 3 758 0 390
2 404 4 996 7 184 1 314 5 312 0 852 8 552 3 138 6 926 9 84
5 560 9 99 2 540 3 870 4 591 1 857 6 340 7 698 0 945 8 843
6 304 0 503 8 796 1 140 9 901 4 380 5 609 2 925 3 586 7 541
7 204 6 663 3 155 1 89 2 234 8 311 0 62 9 576 4 23 5 403
7 993 6 74 1 825 3 968 0 622 2 523 4 501 8 230 9 373 5 330
9 452 0 43 3 980 5 601 8 81 7 892 4 861 6 807 1 802 2 963
3 316 8 96 0 56 1 833 4 99 7 942 9 692 5 612 2 733 6 425
3 352 0 460 6 83 4 217 9 392 5 160 2 782 7 13 8 739 1 838
2 786 5 804 6 66 0 135 9 394 3 673 8 3 7 304 1 798 4 748
7 514 9 261 5 118 0 162 8 349 6 456 4 242 1 782 2 651 3 839
1 904 9 937 3 920 0 76 6 776 8 134 4 39 7 805 5 191 2 272
2 581 7 20 5 670 6 628 9 349 0 922 1 143 4 35 8 382 3 924
0 116 4 80 3 21 2 855 5 332 7 888 8 200 6 887 9 930 1 847
0 465 8 699 3 635 2 606 5 587 4 893 1 108 6 818 9 836 7 141
3 110 2 793 5 286 0 317 4 815 7 406 1 355 6 487 9 118 8 156
0 853 6 867 5 507 3 494 1 872 4 677 7 440 2 773 8 301 9 387
8 504 9 747 0 531 2 171 7 955 5 172 4 692 3 891 6 43 1 516
8 657 4 139 9 654 0 451 2 491 3 212 6 304 1 613 7 855 5 644
0 52 4 823 1 765 3 929 2 903 8 972 7 806 9 3 6 201 5 405
0 967 3 551 4 552 2 222 9 718 6 85 1 459 7 61 8 552 5 851
2 113 0 726 7 324 9 578 5 323 3 186 4 728 6 526 8 580 1 654
7 214 9 36 3 876 6 384 4 426 2 212 1 619 5 300 8 963 0 85
9 256 7 188 5 987 3 7 4 526 0 438 8 661 1 684 2 696 6 15
7 906 5 592 8 177 6 973 3 736 2 456 9 986 4 11 1 528 0 927
5 81 1 981 4 18 7 922 2 578 0 899 6 623 3 317 8 717 9 267
2 59 6 663 9 603 4 551 8 797 3 777 1 318 7 13 5 956 0 364
5 957 4 205 9 679 2 703 3 425 8 653 7 849 6 944 1 455 0 929
5 416 8 666 0 737 9 254 6 241 3 972 2 99 1 237 7 849 4 882
2 679 6 253 4 18 9 605 5 838 3 89 8 864 7 318 1 28 0 784
1 679 6 753 7 262 0 244 3 115 4 100 8 363 9 530 5 892 2 981
7 684 3 760 0 908 4 675 1 753 2 861 9 565 5 493 6 498 8 249
2 36 4 623 1 943 8 861 9 124 0 20 3 308 6 190 7 105 5 893
7 916 3 467 9 986 8 14 5 992 2 982 0 634 6 186 4 52 1 184
2 67 0 845 9 863 3 484 8 271 7 239 6 198 5 477 4 892 1 209
5 924 6 907 9 811 1 951 7 167 2 697 8 430 3 142 0 993 4 298
8 452 1 183 5 81 0 698 2 914 6 497 3 470 7 553 9 175 4 733
8 569 9 882 1 500 5 979 3 660 6 362 4 590 0 674 7 162 2 691
1 897 8 292 2 851 6 744 4 211 7 279 9 116 5 307 0 107 3 456
1 938 0 418 9 508 4 67 3 625 8 865 6 442 2 253 7 197 5 848
4 743 3 10 6 172 8 925 5 370 7 803 0 822 9 333 2 828 1 527
1 498 0 203 9 345 8 770 4 718 3 195 2 448 5 131 6 42 7 752
6 703 9 942 5 410 2 681 7 542 0 531 4 646 3 371 1 349 8 846
7 216 6 1000 4 309 2 685 0 130 9 5 8 936 1 800 5 585 3 969
8 15 9 954 7 770 5 961 2 878 3 599 1 991 0 840 6 5 4 590
8 157 5 732 4 862 9 389 7 429 1 676 2 493 3 315 0 374 6 805
1 265 8 200 2 4 0 428 9 398 5 273 6 527 7 333 3 461 4 920
8 434 1 226 7 17 5 745 4 77 3 704 0 622 9 575 2 466 6 659
1 679 3 964 7 73 5 466 6 76 2 999 9 800 8 485 0 503 4 240
3 371 4 667 2 281 1 511 0 28 5 760 9 846 8 67 7 263 6 491
4 250 5 846 9 612 2 933 0 622 6 685 1 689 3 205 7 483 8 38
4 355 0 777 5 242 6 674 9 570 7 672 2 661 8 306 3 919 1 138
6 582 7 549 0 226 2 816 4 466 3 367 8 828 1 912 9 128 5 310
6 333 9 41 8 660 0 6 3 339 2 893 7 491 5 228 4 769 1 212
2 931 6 416 9 767 3 629 7 217 1 819 5 444 4 568 8 414 0 784
7 604 2 766 3 606 8 759 1 487 0 482 9 54 4 876 6 881 5 41
0 866 7 743 2 63 5 220 4 928 9 492 1 836 8 671 3 300 6 274
2 392 3 329 6 641 7 489 1 106 5 508 0 705 8 268 9 34 4 406
1 545 9 367 6 726 3 710 8 764 7 2 2 206 0 171 4 723 5 946
2 166 0 950 6 765 1 745 3 504 9 744 5 249 4 492 7 459 8 525
7 941 9 586 5 308 6 880 0 673 8 565 4 567 2 936 3 485 1 609
2 906 0 200 4 892 1 65 9 422 7 613 6 324 8 985 5 139 3 720
3 299 0 94 6 631 9 371 2 408 4 665 7 955 1 872 5 338 8 634
8 954 2 549 5 81 1 161 6 503 7 724 4 999 3 728 0 18 9 127
6 227 7 197 9 190 5 561 4 810 8 732 3 362 0 239 2 786 1 96
5 610 3 669 8 556 4 770 2 305 6 812 1 397 0 226 7 781 9 466
0 593 8 546 4 576 9 954 2 781 6 411 5 646 1 170 7 192 3 166
0 864 5 804 4 101 3 901 7 267 8 36 9 823 1 282 2 245 6 688
0 425 7 532 5 918 9 181 6 89 8 499 2 359 3 926 4 240 1 529
8 811 9 536 7 730 3 32 0 494 5 633 4 116 6 634 1 445 2 6
8 126 4 404 9 644 3 219 0 967 1 644 2 110 6 22 7 591 5 929
1 44 6 629 8 926 7 49 0 469 4 517 3 574 5 773 2 6 9 868
1 359 2 833 8 735 5 326 9 79 3 816 4 962 0 556 6 43 7 733
2 880 1 700 8 367 9 428 0 266 6 241 4 614 3 758 5 313 7 650
6 463 7 483 5 898 8 337 9 980 3 202 2 850 0 306 1 464 4 292
8 921 4 755 0 652 7 879 6 926 9 874 5 198 2 86 3 943 1 929
4 846 9 558 0 651 7 479 8 270 6 203 3 679 5 465 2 918 1 857
9 441 6 70 4 529 8 654 5 876 1 344 7 288 2 620 0 872 3 997
2 113 4 485 6 333 7 869 9 660 0 399 5 68 3 815 1 1 8 15
6 674 2 772 0 305 1 321 7 498 5 693 9 895 3 189 4 878 8 215
9 115 8 142 6 170 4 348 1 251 3 413 7 909 5 894 0 750 2 186
5 860 9 829 6 999 1 314 4 525 3 632 2 986 7 644 0 557 8 728
6 750 4 245 0 862 3 423 7 207 9 419 8 737 1 936 2 622 5 7
2 948 9 864 8 712 6 483 7 520 3 713 0 768 4 75 1 537 5 824
0 762 3 185 8 659 7 628 2 253 9 960 5 397 6 543 1 499 4 738
5 197 9 490 1 320 8 133 4 704 7 368 0 581 2 128 6 76 3 756
5 592 1 235 9 84 6 631 0 202 3 812 4 406 2 65 7 964 8 734
5 773 7 673 0 423 8 836 9 887 4 168 2 455 6 252 1 698 3 591
5 258 7 766 6 831 1 753 3 507 2 11 9 835 8 442 0 862 4 419
9 886 3 239 0 663 5 823 6 354 7 816 2 948 4 453 1 930 8 992
6 147 8 697 1 588 9 685 5 889 0 608 3 565 4 843 2 985 7 800
7 831 2 171 4 813 3 796 5 273 8 136 9 83 0 556 6 211 1 138
8 543 6 184 7 405 2 107 0 257 3 981 5 555 1 807 4 115 9 960
5 575 7 481 6 18 0 704 1 595 3 745 8 6 4 808 9 521 2 897
8 631 7 354 3 41 1 471 2 278 4 455 9 758 5 788 6 941 0 234
4 813 2 163 1 644 3 693 5 499 0 709 9 249 7 578 8 930 6 169
2 827 8 948 9 144 7 602 6 491 5 191 0 685 4 200 1 600 3 897
0 390 8 32 2 405 9 556 1 355 7 183 3 25 6 108 5 993 4 474
2 59 8 506 1 388 4 393 9 536 6 339 5 13 7 521 0 803 3 75
9 452 0 97 7 775 3 883 2 723 1 933 4 36 8 698 6 230 5 806
6 300 5 7 9 994 3 850 2 80 4 52 8 777 1 567 0 324 7 158
3 903 6 675 5 195 8 233 1 373 9 616 0 664 4 40 2 808 7 179
4 315 9 67 3 964 6 123 8 357 5 649 7 610 0 206 2 752 1 436
6 59 5 671 4 605 7 549 0 432 9 396 8 763 2 220 3 664 1 84
3 65 9 305 8 797 6 654 1 872 4 169 0 571 2 484 7 24 5 624
2 710 4 439 7 589 9 853 8 775 5 132 3 494 0 491 6 874 1 51
3 851 2 115 6 695 1 80 7 112 9 551 8 243 5 178 4 194 0 146
9 923 0 953 3 500 6 523 8 989 5 150 2 206 4 208 7 402 1 850
4 115 5 510 2 292 3 256 8 662 1 671 9 632 7 806 0 753 6 885
9 455 2 590 1 641 3 234 7 911 5 444 8 305 6 970 0 9 4 520
7 361 4 568 5 879 9 763 0 234 6 517 3 148 1 686 2 921 8 480
3 687 7 717 9 670 5 871 0 446 2 387 6 81 4 411 1 627 8 615
9 488 2 866 5 309 4 909 6 430 8 789 7 598 3 655 1 963 0 842
1 124 7 273 3 740 4 12 0 367 5 357 9 591 6 198 2 38 8 243
4 198 5 543 6 238 9 818 8 965 3 6 1 415 0 740 2 721 7 487
6 893 5 59 2 879 0 750 7 864 9 257 8 247 3 408 1 8 4 398
7 955 5 706 4 722 9 43 2 543 0 713 3 903 6 531 1 815 8 400
2 559 7 809 4 935 8 311 6 673 9 451 5 315 3 848 0 165 1 558
9 708 2 942 6 689 5 508 7 708 3 774 0 572 8 833 4 350 1 711
4 962 1 324 6 773 7 110 8 949 3 360 5 71 9 258 0 916 2 953
9 533 3 375 5 147 2 187 0 570 8 206 4 654 1 766 6 693 7 401
8 35 1 527 5 517 7 763 0 651 3 720 9 713 2 790 4 605 6 296
5 673 0 751 7 960 4 189 1 156 9 92 2 266 6 653 3 775 8 325
7 457 2 131 9 758 6 248 1 397 3 95 0 66 5 382 8 913 4 191
9 639 1 348 7 604 0 409 4 945 5 980 3 64 6 475 2 939 8 865
6 870 4 969 7 715 0 970 5 132 1 685 8 925 2 253 3 581 9 533
8 186 9 701 5 443 7 422 1 445 3 62 0 403 4 47 2 571 6 5
7 941 5 952 4 588 2 965 0 846 1 497 8 258 6 12 9 772 3 647
5 773 9 532 3 765 4 857 2 704 8 653 7 636 0 161 6 788 1 247
2 162 8 45 7 38 4 718 9 853 0 437 5 1000 3 318 6 439 1 592
8 729 1 790 4 126 0 455 7 849 2 313 9 19 6 763 5 398 3 511
9 225 5 354 3 804 1 66 4 20 8 268 7 340 2 188 0 532 6 812
