1000 10
5 186 6 319 3 937 2 802 4 78 9 19 7 617 8 721 0 262 1 85
1 334 9 848 3 604 0 811 7 966 8 864 2 952 6 162 4 920 5 497
0 248 7 184 4 831 6 920 5 952 1 462 8 287 9 300 3 815 2 44
5 423 1 555 6 446 2 724 7 34 0 681 8 629 3 320 4 276 9 696
2 955 9 887 0 942 5 371 7 361 6 634 8 702 1 572 3 940 4 101
3 959 8 638 4 454 7 593 0 528 2 460 9 984 1 775 6 819 5 176
2 590 8 55 5 756 3 520 7 303 0 318 9 532 4 859 1 647 6 278
7 33 6 506 3 122 4 199 0 444 9 489 2 479 5 699 1 38 8 860
4 615 0 144 5 423 1 534 3 50 9 46 7 629 6 341 8 132 2 480
6 70 4 90 2 864 3 415 0 755 9 348 7 921 8 258 5 897 1 92
9 785 4 42 2 964 3 83 5 848 7 98 0 745 6 55 8 339 1 587
1 209 6 588 8 286 4 373 7 302 2 288 5 959 0 283 3 435 9 831
7 57 1 557 0 252 2 741 3 793 8 896 4 279 6 210 9 113 5 227
1 685 7 759 3 959 8 640 5 577 9 783 0 609 2 483 6 348 4 136
3 639 9 806 1 507 7 633 4 948 5 458 6 814 0 686 2 562 8 547
4 45 3 942 9 938 5 867 6 984 1 461 8 917 7 38 0 251 2 694
8 666 6 365 4 221 7 32 3 741 1 204 5 396 0 490 2 320 9 814
7 7 9 905 3 608 5 488 8 256 0 341 1 622 4 123 2 579 6 412
9 96 4 139 5 975 0 310 7 396 3 340 1 544 6 992 8 648 2 253
5 22 2 420 4 601 3 460 7 941 9 693 8 566 6 305 1 298 0 912
2 241 8 399 1 327 9 685 6 122 5 765 3 596 7 470 4 751 0 922
1 50 9 279 6 59 7 695 5 973 0 11 4 489 2 990 3 429 8 495
9 414 1 632 6 849 3 567 7 713 2 285 8 489 4 823 0 864 5 580
6 846 1 133 8 632 0 283 5 160 4 337 3 968 9 888 7 843 2 646
8 931 3 373 5 327 2 546 9 344 4 554 7 563 6 897 1 240 0 317
8 302 3 176 1 267 6 428 2 993 9 917 7 695 4 619 0 532 5 268
8 462 3 409 2 563 4 189 7 730 0 389 5 61 1 153 9 80 6 806
1 642 7 258 9 183 3 960 8 14 6 858 0 795 4 618 2 733 5 980
1 226 2 460 6 165 3 559 7 315 5 997 4 875 9 745 0 374 8 235
3 51 2 208 7 691 8 996 4 263 6 364 9 939 1 969 5 611 0 384
1 797 0 59 8 579 9 167 7 14 6 621 2 626 4 731 3 952 5 641
5 832 0 688 7 190 1 582 9 399 6 71 2 153 3 527 8 650 4 215
4 994 6 567 3 977 8 255 1 941 5 97 9 366 7 158 2 654 0 900
0 902 9 986 6 634 3 963 4 836 7 303 5 380 2 234 8 688 1 896
8 635 5 372 1 127 2 465 0 693 7 2 9 927 6 405 4 67 3 6
7 209 0 883 4 320 6 533 9 548 1 259 3 902 5 795 8 514 2 679
5 287 2 985 7 129 6 348 0 421 8 705 1 112 4 280 3 382 9 570
0 915 8 197 5 840 2 367 1 686 4 187 9 861 6 417 3 866 7 717
7 691 1 253 8 22 3 625 0 371 4 960 9 246 6 291 5 507 2 391
9 536 0 651 8 866 3 220 4 705 5 882 2 8 1 418 7 179 6 292
8 448 0 841 4 961 7 640 1 939 9 645 5 585 3 35 6 233 2 609
0 788 4 713 3 502 5 265 2 213 1 973 6 687 7 645 8 515 9 137
2 24 5 873 1 461 9 382 0 668 6 489 7 65 3 895 8 704 4 122
8 417 6 145 7 476 5 132 1 427 9 506 0 951 3 491 4 956 2 771
1 158 9 349 7 56 4 528 0 840 8 438 3 592 5 764 2 817 6 967
8 824 5 809 4 969 1 205 7 820 2 685 0 1 3 37 6 518 9 680
5 97 7 997 3 863 6 290 9 897 8 358 1 96 2 57 4 250 0 685
6 827 1 480 2 839 7 537 3 651 0 68 4 334 8 400 5 413 9 8
3 93 7 594 2 329 6 576 4 346 5 494 9 193 0 770 1 148 8 835
0 620 4 584 6 135 8 270 3 55 9 562 7 496 5 875 1 234 2 409
4 94 2 175 3 283 9 470 0 217 6 794 5 545 8 969 1 746 7 666
0 534 2 966 7 926 9 506 5 57 4 161 3 463 8 385 1 264 6 266
1 873 0 447 6 647 8 300 7 598 4 931 3 343 9 527 5 111 2 207
7 302 9 397 3 656 1 181 0 710 5 114 2 23 8 979 4 85 6 916
9 928 6 425 1 201 4 202 5 800 2 476 7 878 8 65 0 740 3 738
2 821 8 858 9 141 1 606 7 890 5 79 3 234 6 926 4 634 0 164
3 442 7 15 0 151 4 458 2 821 5 498 6 890 9 670 8 149 1 352
8 764 9 25 0 254 4 569 3 585 2 728 7 207 1 90 5 393 6 180
2 21 3 197 8 228 9 876 6 987 1 986 7 810 0 814 4 287 5 708
9 252 4 221 3 723 8 646 6 618 1 363 2 767 7 772 5 354 0 752
9 248 5 941 8 994 7 371 3 927 4 966 2 754 1 541 6 264 0 939
6 33 2 509 5 285 7 790 8 882 0 501 3 959 9 586 4 306 1 508
8 225 1 224 7 241 0 93 3 769 4 632 5 259 2 749 9 35 6 429
7 698 9 954 8 51 6 327 0 842 5 102 3 759 2 332 4 592 1 595
8 455 7 112 1 544 9 368 5 882 2 192 0 434 3 634 6 766 4 815
3 31 4 854 8 675 9 592 6 590 1 594 7 437 0 898 2 478 5 259
3 429 7 233 1 55 6 241 8 219 0 689 2 385 9 399 4 897 5 398
8 496 5 471 3 591 1 687 9 203 2 635 4 86 7 968 0 775 6 541
1 675 7 215 5 101 9 847 2 859 4 934 8 29 6 375 0 901 3 79
0 390 8 946 9 697 1 630 5 219 2 738 4 91 3 384 7 707 6 442
5 835 2 161 0 668 8 774 9 476 7 283 3 261 4 935 1 126 6 106
4 607 7 716 1 643 9 573 3 976 2 564 8 171 5 183 0 812 6 56
2 693 6 555 9 303 4 174 8 290 5 334 3 700 7 31 1 487 0 502
2 699 0 98 8 663 9 537 1 954 4 274 7 26 6 728 5 923 3 426
3 423 4 786 6 470 8 209 0 137 9 141 1 739 5 217 7 617 2 527
7 822 4 657 8 711 3 834 0 711 1 610 6 662 5 550 2 900 9 886
7 172 1 353 5 750 4 324 8 906 3 914 2 213 9 848 6 38 0 859
4 561 6 624 9 459 2 76 0 654 7 346 3 818 8 147 1 10 5 537
6 503 9 409 7 255 3 214 2 906 4 353 0 952 8 354 5 344 1 138
9 745 1 58 5 325 8 588 3 807 2 763 7 304 4 423 6 585 0 989
9 60 4 942 6 938 2 60 5 167 8 155 1 524 7 337 3 600 0 388
2 443 4 272 6 762 9 867 1 931 8 275 7 263 5 683 0 446 3 43
9 507 1 54 7 382 5 518 8 311 4 716 3 756 6 116 2 117 0 93
8 538 9 867 4 727 5 960 7 491 3 107 2 775 1 300 0 773 6 332
0 58 7 891 6 664 5 123 4 406 3 319 2 286 8 172 1 12 9 44
0 191 3 625 5 956 7 333 2 567 1 544 6 397 4 315 9 278 8 226
2 845 6 664 5 917 7 496 0 739 8 674 9 968 4 160 1 334 3 267
4 28 6 886 8 738 9 252 1 46 7 734 2 255 5 274 3 237 0 61
8 413 6 689 3 933 7 335 0 544 5 333 4 185 2 506 9 771 1 879
7 36 9 306 0 708 5 60 4 772 8 991 1 709 2 210 3 420 6 48
8 66 5 675 3 213 0 642 1 44 6 620 9 568 7 364 4 929 2 488
1 18 5 906 2 237 0 237 7 500 8 177 4 945 9 416 3 206 6 418
0 806 4 708 1 736 2 456 3 486 7 805 9 141 6 379 8 888 5 715
4 204 7 559 6 270 0 34 1 388 9 142 2 628 8 534 5 211 3 602
8 39 7 628 6 419 1 175 4 80 3 308 9 162 5 605 2 524 0 418
7 28 9 347 2 209 5 780 1 943 6 262 4 527 8 686 0 955 3 290
0 824 7 233 6 276 9 672 8 109 2 338 4 453 3 5 1 639 5 62
6 147 9 67 2 183 1 747 7 171 3 960 8 995 4 498 5 193 0 516
1 77 4 81 0 190 9 881 5 649 3 93 6 357 8 179 2 818 7 900
1 138 8 182 3 306 2 664 6 367 7 79 0 613 4 736 9 389 5 667
9 240 7 553 2 699 1 915 5 484 0 905 6 326 3 497 8 321 4 132
7 421 0 996 9 368 3 271 6 640 2 647 1 745 5 450 4 773 8 609
6 173 0 851 1 766 5 925 2 121 9 173 8 826 3 945 4 952 7 528
1 190 9 715 0 764 4 921 8 216 5 856 6 233 7 362 3 312 2 534
5 654 4 133 7 684 6 73 0 377 8 698 9 214 1 347 2 237 3 831
1 404 3 196 4 770 9 247 7 187 6 690 0 458 5 851 2 617 8 417
0 123 4 285 2 214 3 259 5 414 6 316 8 654 1 91 7 787 9 810
6 974 8 988 2 719 5 769 3 904 4 510 7 155 9 355 0 68 1 656
6 874 7 977 9 749 4 345 8 927 1 627 2 150 3 472 5 472 0 367
8 871 0 324 7 723 9 901 6 344 2 710 1 491 4 854 5 312 3 835
4 671 3 228 0 10 1 893 9 559 5 941 2 733 8 680 7 692 6 817
8 31 9 250 7 475 6 83 0 549 4 476 2 462 3 245 5 465 1 61
8 847 4 163 6 489 7 510 9 362 2 106 0 32 5 192 1 406 3 953
6 507 7 97 4 303 9 133 1 386 3 846 2 99 5 283 0 873 8 523
3 326 7 959 2 497 9 685 5 69 4 9 8 864 1 808 6 236 0 839
2 866 8 980 4 580 9 573 0 163 6 170 7 589 5 217 1 514 3 253
9 683 6 763 0 467 1 756 8 272 4 337 7 81 5 203 2 614 3 577
5 541 2 9 7 231 9 120 3 656 1 693 0 499 6 360 8 530 4 754
8 213 4 246 3 44 2 289 0 531 9 792 1 280 6 829 7 392 5 165
3 138 8 241 9 343 6 111 7 35 0 782 4 710 5 268 2 883 1 993
5 629 6 379 1 744 9 681 3 793 2 1 8 143 7 518 0 458 4 835
3 630 6 613 0 357 7 773 2 235 4 712 1 774 9 289 8 69 5 906
3 798 4 884 6 517 9 480 7 29 5 194 2 896 8 507 0 509 1 42
9 916 6 306 3 75 1 195 8 220 0 165 2 305 5 158 7 490 4 484
1 988 8 230 3 696 4 693 5 280 2 186 6 100 7 157 0 667 9 187
0 453 3 926 7 637 1 384 6 310 9 798 4 354 2 567 8 790 5 408
2 513 0 686 1 280 5 516 4 708 8 423 3 894 9 65 7 20 6 122
2 246 6 195 9 712 4 413 3 390 1 680 8 18 7 623 0 977 5 676
9 598 0 802 2 965 1 316 8 464 6 710 4 16 5 855 7 97 3 802
0 768 6 808 4 973 7 637 1 76 5 673 8 717 2 163 3 66 9 354
0 692 2 67 9 589 8 671 6 927 4 525 1 498 5 719 7 94 3 73
2 496 7 169 1 858 9 378 4 961 8 961 3 762 6 546 0 937 5 487
2 86 1 335 8 331 0 568 7 447 6 923 3 58 4 975 9 9 5 161
4 395 1 204 0 606 2 555 6 676 5 356 9 792 3 929 7 953 8 817
3 586 2 371 6 315 0 360 7 963 4 568 9 485 8 880 1 369 5 31
6 829 8 298 9 302 7 979 3 658 5 228 4 361 1 267 2 920 0 464
1 156 3 399 8 390 5 602 4 142 2 135 7 368 6 286 0 796 9 389
6 446 7 647 8 360 9 331 5 760 1 741 3 574 2 759 0 12 4 14
8 351 3 123 9 446 6 284 1 124 7 920 2 74 4 247 5 801 0 291
7 441 9 210 4 723 0 504 3 406 2 944 8 895 1 259 5 628 6 849
5 9 4 997 1 430 0 864 7 910 3 355 6 698 2 620 8 974 9 499
9 619 4 190 8 929 2 992 3 489 7 818 0 325 1 444 6 791 5 646
4 129 3 277 7 81 1 551 8 434 6 104 9 784 0 299 2 975 5 98
3 644 7 170 8 98 1 550 2 589 9 990 0 174 5 168 4 197 6 545
5 912 6 472 2 677 4 141 7 851 8 11 0 547 9 14 3 628 1 843
5 757 6 92 7 886 1 686 3 37 8 581 2 187 4 68 9 792 0 463
3 737 6 154 5 932 4 843 9 356 8 395 0 286 2 397 1 253 7 622
3 134 7 240 2 663 9 163 4 848 0 462 1 289 8 383 6 327 5 53
5 13 6 344 3 23 8 741 2 301 1 234 4 679 0 454 9 508 7 271
2 778 7 391 0 176 8 181 3 217 5 833 9 378 1 841 4 486 6 818
6 703 7 449 4 39 9 285 5 551 8 127 2 133 0 806 1 303 3 290
1 945 6 699 5 461 8 767 0 810 2 767 7 296 3 420 9 685 4 360
8 953 4 253 2 169 7 608 6 802 1 431 9 517 5 368 0 633 3 738
8 705 5 48 2 720 4 372 1 678 9 404 6 469 3 952 0 475 7 481
9 993 8 862 2 501 5 845 3 623 4 68 0 257 7 747 6 948 1 218
6 209 1 894 4 725 5 50 7 458 8 45 0 937 3 454 2 438 9 405
6 684 2 164 5 618 8 836 4 724 0 533 9 678 1 513 3 740 7 715
3 980 1 874 6 643 0 432 8 7 7 181 2 880 5 203 9 2 4 48
2 196 4 262 7 33 3 627 9 532 8 139 1 920 6 619 5 42 0 965
4 71 2 850 7 655 9 442 3 518 1 498 0 15 5 846 8 243 6 81
4 913 0 699 8 173 9 637 7 905 3 260 2 307 6 192 1 491 5 473
0 254 7 703 8 766 6 909 4 288 5 493 2 131 3 275 1 712 9 773
0 745 4 519 9 508 8 428 5 351 1 561 6 129 3 477 2 477 7 267
7 105 2 470 8 727 3 36 4 529 0 103 9 846 6 126 5 998 1 699
8 21 6 353 2 820 3 943 9 61 1 682 5 859 0 247 7 405 4 798
8 310 3 464 9 74 4 849 0 209 6 824 5 263 2 819 1 398 7 449
1 577 8 530 0 20 7 613 5 658 3 19 2 845 4 644 9 816 6 569
8 691 1 1000 6 209 7 880 2 574 4 330 0 140 5 51 3 364 9 861
4 711 5 57 0 437 7 167 8 753 3 278 2 978 9 520 6 940 1 870
1 762 4 92 8 81 5 709 6 153 7 242 0 807 9 146 2 485 3 375
3 281 1 770 2 925 9 869 4 763 7 152 8 809 6 724 5 433 0 130
7 760 4 643 5 828 2 71 1 210 8 975 6 50 9 580 3 611 0 50
7 241 8 918 5 553 1 855 0 335 2 633 6 354 3 634 4 841 9 567
6 700 1 101 7 782 9 893 8 74 2 268 3 360 0 519 4 800 5 218
1 246 3 124 6 636 7 525 4 288 9 132 0 489 5 956 2 633 8 501
6 225 9 752 5 194 4 973 0 838 8 168 7 513 2 994 3 517 1 671
2 45 8 422 6 999 4 305 3 860 7 422 0 598 5 499 9 99 1 529
9 368 7 759 4 537 6 749 1 11 8 190 3 368 5 884 2 910 0 361
1 385 6 366 2 479 3 592 4 556 7 441 8 446 0 827 5 961 9 4
3 45 4 775 8 70 1 689 7 882 2 327 0 909 6 848 9 291 5 956
0 576 3 192 1 365 8 472 6 476 9 928 7 593 2 372 4 287 5 636
6 772 2 802 7 176 0 419 4 73 9 132 8 210 3 813 1 548 5 163
6 492 1 826 8 878 3 332 7 792 2 366 5 400 4 645 9 974 0 761
8 590 0 205 9 764 4 922 5 563 1 777 3 572 7 531 6 778 2 874
7 242 0 375 6 607 2 516 5 344 3 296 9 435 4 218 8 217 1 470
7 430 0 517 6 742 5 834 4 748 1 164 2 928 3 608 8 775 9 220
7 859 9 283 0 348 5 297 3 802 6 58 1 709 8 317 2 181 4 80
4 810 0 172 9 644 1 681 3 13 8 595 5 271 2 57 7 89 6 813
9 164 0 223 5 222 3 428 1 43 2 526 4 635 6 25 7 585 8 499
5 256 1 779 0 63 7 914 4 536 6 179 3 895 9 716 8 151 2 224
4 387 9 156 2 446 0 502 3 322 5 271 7 992 1 10 8 591 6 65
1 103 8 952 4 167 5 444 3 472 7 669 9 15 6 515 2 696 0 257
3 96 2 548 0 106 5 796 7 872 4 316 9 126 1 593 6 822 8 117
1 759 9 783 2 218 4 66 6 256 5 244 3 502 7 788 0 324 8 717
2 677 8 61 9 738 3 393 7 7 5 177 0 33 6 220 1 854 4 340
0 262 3 118 6 432 8 398 9 223 5 243 1 433 2 899 7 618 4 38
3 20 6 640 7 167 4 302 9 414 0 264 8 606 2 187 1 647 5 596
7 263 0 625 6 709 9 265 4 597 1 891 8 375 3 114 5 21 2 619
0 211 5 646 7 33 4 158 9 381 6 805 2 427 1 573 8 989 3 773
9 320 3 653 5 996 0 361 4 27 7 976 8 458 1 976 6 563 2 45
7 710 8 451 3 267 6 162 1 827 9 912 2 851 5 954 0 20 4 684
9 504 1 561 3 604 6 374 2 917 8 676 5 236 0 406 7 803 4 397
3 50 4 620 5 573 7 524 8 242 0 668 1 529 2 202 6 700 9 583
1 371 7 87 3 961 8 118 4 292 6 763 5 171 9 344 0 858 2 337
5 17 3 706 7 613 9 320 8 524 6 478 2 302 4 275 1 16 0 340
5 395 3 704 0 650 8 100 9 19 2 6 4 315 7 246 6 915 1 639
6 622 1 673 9 971 7 661 5 876 3 400 8 768 0 385 2 537 4 819
9 254 1 182 2 978 8 217 4 33 3 316 5 614 6 666 0 920 7 865
2 318 0 203 1 207 9 770 3 722 8 483 6 120 4 423 5 170 7 602
6 333 8 316 2 726 0 970 5 77 9 363 3 994 7 229 4 713 1 215
9 33 7 70 6 681 3 852 2 516 1 43 8 855 0 866 5 367 4 848
7 256 5 521 3 457 8 967 9 666 2 718 6 391 1 387 0 415 4 675
5 667 7 909 4 629 0 948 1 206 3 53 6 310 9 982 8 391 2 522
6 11 8 482 7 462 1 100 5 408 9 991 2 586 3 830 4 516 0 526
5 532 1 706 7 136 0 670 3 310 4 581 8 633 2 256 6 835 9 225
0 436 5 86 3 515 2 441 7 405 4 892 8 371 6 655 1 419 9 448
9 520 2 329 0 955 3 37 1 430 7 611 5 576 6 43 4 665 8 830
8 860 3 699 7 223 0 989 1 222 9 790 4 616 6 184 2 816 5 581
8 619 0 641 2 907 7 403 5 662 6 164 3 609 1 551 9 137 4 692
8 775 7 958 1 368 4 464 2 701 3 573 6 747 5 21 9 572 0 412
7 524 2 13 0 763 4 414 6 565 8 277 9 381 1 420 3 739 5 596
9 658 4 289 3 347 2 351 5 704 8 280 0 199 1 785 6 407 7 530
1 740 5 872 0 446 6 469 7 875 9 123 3 165 2 854 4 99 8 527
1 560 2 550 6 952 4 601 7 52 5 954 3 330 0 998 8 497 9 932
7 428 6 478 1 652 5 919 3 486 4 686 8 992 2 664 0 122 9 901
4 737 2 241 6 936 7 630 1 540 0 655 9 782 3 980 5 606 8 155
4 712 1 237 7 560 8 333 3 888 0 741 5 580 6 547 9 49 2 91
8 982 5 322 6 566 7 168 3 994 4 508 1 354 9 132 0 878 2 431
1 715 4 794 8 515 3 255 5 713 7 220 2 702 0 289 6 733 9 881
4 357 1 848 3 991 9 971 8 904 5 717 7 984 6 885 2 182 0 135
1 240 5 513 7 721 2 162 3 557 9 736 8 607 6 251 4 786 0 323
0 893 1 410 6 31 9 902 4 818 3 704 5 490 7 844 2 542 8 336
0 994 9 350 1 350 3 306 2 156 8 156 4 780 5 330 6 525 7 742
8 15 7 967 5 690 6 980 4 252 0 872 3 534 9 58 1 104 2 105
3 857 9 223 7 939 2 347 1 234 0 357 5 354 4 481 6 593 8 763
1 450 0 278 2 899 8 509 6 324 3 892 9 379 7 261 5 449 4 640
4 698 1 331 9 203 0 698 2 802 7 664 3 797 6 96 8 549 5 920
7 280 5 329 4 701 3 638 9 812 2 143 6 207 8 769 1 623 0 838
5 745 7 148 2 981 6 929 9 956 0 252 3 244 8 923 4 40 1 914
2 418 9 819 4 3 5 376 6 677 3 113 1 118 0 832 8 927 7 102
8 532 5 288 4 380 1 376 6 256 3 138 7 842 0 42 2 26 9 872
5 604 4 378 0 189 3 37 8 106 9 59 7 864 2 982 1 745 6 123
8 239 5 559 1 419 2 71 6 717 4 986 3 866 7 139 9 536 0 922
9 910 0 398 8 297 3 405 2 304 7 961 6 879 4 456 5 602 1 312
1 471 2 861 4 950 3 265 8 594 7 256 5 976 6 754 9 259 0 959
1 88 7 47 8 555 2 207 5 400 4 769 6 307 9 131 3 94 0 242
4 606 5 368 7 518 8 388 3 472 6 300 1 288 9 537 2 238 0 36
9 353 8 829 5 683 3 597 2 649 4 600 6 877 1 450 7 416 0 752
1 714 4 348 8 733 0 188 3 530 6 560 7 669 9 291 5 978 2 953
3 12 4 810 7 978 0 871 6 451 5 636 8 436 9 832 1 415 2 764
5 305 7 66 0 386 4 446 6 394 2 746 3 728 1 827 8 104 9 151
8 543 4 403 9 872 6 144 7 588 0 917 2 983 1 92 5 406 3 26
0 93 5 328 1 801 4 176 9 985 7 954 2 874 6 298 8 473 3 549
0 66 7 748 1 748 3 77 9 761 4 21 6 191 8 602 2 712 5 421
4 264 8 226 5 522 9 958 2 322 0 583 7 768 3 647 1 165 6 344
4 976 0 130 2 265 7 850 8 49 5 479 1 751 6 535 9 270 3 106
8 868 4 567 0 788 1 160 7 251 6 787 2 698 5 71 9 638 3 673
2 724 1 627 0 281 6 617 4 428 5 940 9 11 8 189 7 973 3 829
9 937 5 991 1 901 8 800 0 561 7 381 6 695 3 844 4 56 2 152
8 354 1 985 2 568 7 779 5 698 6 106 9 754 4 686 3 249 0 248
2 500 9 1 7 89 8 48 6 431 4 686 3 617 0 523 1 623 5 711
2 953 6 988 1 943 8 599 9 403 7 430 3 305 5 877 4 120 0 323
7 976 6 730 1 420 0 809 3 386 5 27 2 880 8 422 4 269 9 987
0 738 6 381 3 932 1 432 8 355 4 937 5 357 9 733 7 845 2 14
8 755 2 176 4 950 5 15 0 348 9 26 7 429 6 217 1 774 3 444
3 480 9 503 1 922 5 353 8 920 7 911 2 61 0 206 6 737 4 194
7 391 4 669 1 74 8 936 3 834 6 673 2 53 0 577 5 953 9 900
6 132 5 241 2 330 7 596 3 1 9 667 8 866 1 349 4 471 0 182
4 539 1 912 2 298 5 13 0 108 6 808 8 944 3 151 9 733 7 725
9 403 5 623 4 318 0 66 8 884 3 567 2 299 7 712 6 517 1 125
5 854 7 46 1 898 4 232 0 577 2 608 8 733 3 323 6 582 9 196
3 61 5 631 7 765 9 380 2 547 6 152 4 465 8 853 0 833 1 662
7 759 8 558 2 151 5 195 4 500 0 364 6 763 3 148 9 794 1 610
1 204 6 785 5 487 0 262 7 676 3 902 4 851 2 183 9 143 8 892
0 483 5 242 6 348 8 106 9 391 3 4 4 39 2 772 1 988 7 538
3 440 7 398 1 638 0 708 8 580 6 722 5 342 9 648 2 813 4 421
8 36 0 546 2 89 5 143 3 570 9 473 7 500 1 393 4 356 6 685
6 227 5 625 7 247 1 773 2 870 0 297 8 381 9 637 4 305 3 286
7 74 2 20 6 168 1 604 8 47 5 787 4 324 0 383 9 648 3 689
9 174 4 180 6 780 0 932 8 606 5 606 1 857 7 907 3 584 2 116
6 305 3 110 0 644 1 135 8 37 7 807 2 897 9 26 5 100 4 289
8 142 3 106 0 448 1 374 4 261 5 901 2 165 6 80 9 595 7 879
5 759 0 445 2 256 4 495 8 175 6 21 7 776 9 168 3 233 1 951
2 203 3 339 0 621 1 503 7 591 6 674 9 200 5 773 8 312 4 263
0 807 3 807 5 882 8 731 1 728 2 486 7 683 6 115 4 812 9 877
0 671 6 293 8 493 7 950 9 864 4 992 2 272 3 56 5 666 1 49
2 166 9 403 8 385 0 482 3 29 1 779 5 296 6 797 7 686 4 322
4 583 3 974 1 579 7 360 6 736 2 918 9 831 0 110 5 726 8 668
3 105 4 673 1 786 6 70 7 614 5 217 9 531 0 469 8 43 2 257
1 489 6 966 5 964 8 225 2 647 0 413 7 36 9 94 4 483 3 220
9 57 7 820 0 410 2 114 4 643 3 802 6 573 8 326 1 657 5 195
1 970 4 418 0 231 6 493 5 577 2 333 9 272 8 474 3 276 7 569
5 373 0 420 4 41 8 259 1 415 6 110 2 935 3 696 9 766 7 845
9 995 7 484 2 118 8 789 3 454 6 334 5 363 1 600 0 708 4 416
1 778 8 729 2 732 9 475 7 915 4 39 6 799 5 983 0 254 3 517
1 175 2 783 3 793 4 702 5 717 0 363 7 747 6 957 9 271 8 487
5 872 4 859 7 204 1 217 2 490 3 330 9 965 0 88 6 600 8 406
1 426 7 824 5 301 2 659 9 342 6 633 4 464 3 610 0 777 8 303
9 460 6 997 3 224 2 821 8 731 0 890 5 338 4 139 1 28 7 340
3 1 7 86 1 997 0 460 4 172 5 910 2 607 9 383 6 869 8 715
8 349 3 841 2 867 9 169 6 328 7 471 0 86 5 610 1 283 4 242
7 723 4 994 6 301 1 175 8 251 9 646 5 488 0 580 2 324 3 134
2 125 3 53 0 587 7 841 9 970 8 76 5 124 4 1000 6 506 1 71
2 321 3 355 8 703 0 275 1 163 6 807 9 398 5 295 7 855 4 553
8 78 7 875 2 64 3 364 1 263 4 959 0 717 9 238 5 796 6 712
3 550 7 704 8 52 2 189 1 169 5 653 9 658 6 128 4 731 0 994
3 439 1 248 8 605 0 139 5 273 6 115 2 605 7 719 9 122 4 920
1 109 0 753 2 184 5 82 3 365 6 1000 9 92 7 409 4 560 8 728
7 161 1 955 4 853 2 943 8 683 9 296 3 661 0 772 5 90 6 163
3 947 9 313 0 921 4 60 7 101 8 193 6 807 2 906 1 934 5 116
6 458 3 150 5 373 4 400 0 570 1 530 2 661 7 786 8 801 9 825
4 162 5 498 7 909 6 40 1 341 8 828 0 808 9 522 3 60 2 371
9 589 4 993 3 473 7 232 2 558 0 720 8 461 1 576 5 806 6 838
0 65 6 467 2 272 7 892 4 625 1 305 5 331 3 712 9 502 8 215
4 890 6 298 9 422 2 351 3 76 5 59 0 745 1 710 8 437 7 734
6 259 9 942 4 935 5 711 0 601 8 724 2 169 7 295 3 338 1 852
0 33 1 458 6 419 3 128 9 33 5 359 2 119 8 136 7 500 4 238
2 642 7 691 1 548 6 905 4 64 9 3 3 745 5 305 8 190 0 359
1 615 2 625 5 604 3 114 6 429 8 703 4 798 7 624 0 413 9 55
7 134 2 953 8 325 0 386 6 800 3 574 9 257 5 643 4 850 1 328
7 643 1 626 0 741 9 777 3 553 2 10 5 356 8 354 4 200 6 829
1 520 3 187 6 378 8 199 2 861 4 113 0 738 5 271 7 93 9 769
3 888 1 186 7 791 4 907 6 757 9 362 8 764 5 818 0 724 2 404
7 214 5 95 3 243 4 480 0 828 2 677 8 917 9 153 6 110 1 664
2 278 6 27 4 506 3 503 0 266 9 132 7 785 8 776 1 242 5 523
9 546 1 626 8 68 2 717 3 760 7 974 5 534 0 751 6 58 4 959
2 806 6 286 0 503 1 464 8 985 4 218 7 947 3 773 9 46 5 401
7 747 6 809 1 350 2 463 5 873 3 630 0 987 4 275 8 932 9 724
8 162 1 109 0 168 3 544 6 614 2 108 4 957 5 534 7 163 9 916
9 791 2 217 4 859 5 36 8 993 1 415 0 8 6 910 7 742 3 90
7 239 2 751 8 582 4 257 0 45 6 14 1 353 9 661 3 225 5 386
8 843 9 671 6 589 3 187 5 988 4 495 0 634 7 691 2 554 1 199
0 944 7 702 9 910 1 270 5 319 8 172 2 168 3 696 6 53 4 887
1 816 0 18 2 108 6 119 3 938 7 364 5 894 8 435 4 925 9 312
1 712 6 883 3 104 5 798 9 304 8 625 4 41 0 322 2 197 7 653
2 100 5 157 8 818 7 599 6 468 9 191 0 382 3 119 1 537 4 847
6 59 9 577 5 270 0 65 2 168 4 493 8 373 3 686 7 181 1 530
3 738 4 634 0 683 5 243 7 89 6 830 8 326 9 377 1 437 2 357
5 561 9 239 1 477 4 796 8 676 7 501 2 365 3 171 0 627 6 484
0 991 5 736 4 934 2 713 7 884 1 858 6 288 3 29 9 835 8 75
2 663 1 816 6 139 7 367 4 952 8 773 5 977 9 297 3 772 0 873
2 881 1 373 3 954 8 13 6 547 5 80 7 346 0 307 4 4 9 123
8 764 6 974 0 350 5 711 1 203 2 106 9 253 3 730 7 129 4 546
4 878 6 919 0 671 2 840 8 758 3 92 1 473 7 967 9 988 5 925
6 445 2 100 0 820 7 550 5 774 9 339 8 513 3 333 1 281 4 654
0 726 9 782 4 187 5 96 8 98 1 320 6 229 2 448 3 334 7 469
3 621 6 785 7 467 8 687 0 778 5 518 1 861 9 781 4 12 2 291
0 422 1 197 7 917 5 462 3 312 2 355 9 920 6 460 8 491 4 720
2 420 4 497 8 23 9 574 5 957 7 39 3 415 0 535 6 488 1 735
0 458 6 21 7 257 4 894 8 831 3 965 9 451 2 494 1 60 5 501
9 707 1 150 5 91 0 44 7 105 4 988 6 2 3 105 8 907 2 318
0 693 4 707 1 552 8 392 3 474 7 87 9 774 5 39 6 233 2 360
8 433 7 364 3 70 2 185 4 953 1 789 5 13 9 582 6 142 0 445
9 1000 7 761 8 555 3 692 4 912 5 72 0 36 2 305 6 477 1 11
7 229 0 443 4 108 1 763 3 424 8 887 2 652 6 382 9 835 5 804
5 405 2 775 3 276 9 738 6 454 4 3 7 721 1 41 0 369 8 742
8 776 6 294 2 277 3 764 4 864 0 784 1 647 9 139 7 355 5 913
8 535 2 205 5 320 6 112 7 906 9 276 3 465 1 299 0 801 4 310
0 38 2 777 7 245 3 825 6 123 1 717 9 997 5 279 8 85 4 287
3 999 0 538 9 445 1 261 8 751 7 195 6 438 2 79 5 350 4 299
2 73 0 632 7 17 8 733 3 834 5 704 6 589 9 171 4 918 1 79
4 60 6 556 1 19 9 587 3 615 8 40 0 757 7 874 2 817 5 618
7 785 1 571 8 347 9 180 3 967 4 455 0 849 6 673 2 497 5 357
8 64 5 275 7 466 1 51 6 266 0 500 4 981 9 137 2 856 3 746
8 627 4 623 1 426 6 684 0 480 9 558 2 302 7 361 3 979 5 124
0 379 4 816 1 280 5 97 3 33 9 497 7 68 6 311 8 744 2 499
8 397 3 902 2 521 7 111 1 51 4 629 9 604 5 681 0 14 6 797
8 679 0 862 1 13 2 431 7 775 9 497 6 448 4 590 3 886 5 632
3 147 5 335 1 954 6 188 8 248 9 677 0 982 7 558 2 248 4 97
9 279 7 436 2 605 4 806 0 341 1 898 3 407 5 322 8 212 6 550
5 129 3 905 7 582 1 884 8 343 6 76 9 86 2 56 0 487 4 215
8 500 5 650 9 385 3 848 7 536 0 898 2 523 4 882 6 893 1 909
1 326 9 913 3 883 6 657 8 887 7 8 4 744 5 674 0 899 2 863
5 149 4 223 1 618 7 321 0 233 3 838 2 70 9 209 6 748 8 60
9 728 7 260 3 770 8 545 5 327 4 433 1 10 6 168 2 391 0 597
8 881 6 892 0 498 3 940 2 304 7 837 9 813 4 674 5 951 1 266
0 186 8 39 3 876 5 849 6 333 4 480 7 948 1 930 2 885 9 914
0 693 1 241 4 369 6 338 9 606 2 906 7 980 8 1000 3 731 5 295
7 558 8 458 6 480 3 621 5 193 2 461 4 497 0 189 1 61 9 726
6 853 3 678 4 408 8 150 0 109 9 639 7 806 1 428 5 340 2 802
3 304 5 636 8 796 7 13 9 820 0 109 6 330 4 586 2 321 1 905
5 808 4 989 6 941 8 269 2 918 1 286 7 790 9 856 3 452 0 996
5 865 1 649 7 557 2 946 8 794 9 760 0 763 3 694 4 920 6 975
0 396 7 84 9 324 5 618 6 350 2 641 8 30 3 201 1 492 4 3
6 84 0 950 9 45 1 30 5 728 7 841 2 573 8 633 4 309 3 186
8 882 1 959 7 78 2 686 6 725 3 826 9 179 4 866 5 163 0 978
8 1 0 718 1 592 6 50 2 900 3 864 9 135 7 163 5 923 4 609
3 375 8 139 5 409 2 237 7 525 9 589 6 195 1 996 4 490 0 900
0 203 2 445 5 442 9 114 6 976 8 546 7 369 4 306 3 544 1 471
8 169 7 902 1 507 6 716 3 492 4 498 0 93 5 906 9 522 2 879
1 487 6 810 5 648 2 204 4 723 9 809 7 29 3 367 8 674 0 320
6 826 8 633 9 651 4 191 7 982 3 784 0 555 2 26 1 35 5 598
7 812 5 523 6 512 8 174 1 572 0 31 4 732 9 919 2 498 3 149
7 700 9 697 8 390 6 240 0 545 1 820 3 318 5 94 2 217 4 311
6 401 2 810 9 760 4 126 7 186 1 468 0 682 8 941 5 507 3 616
0 920 1 546 8 371 9 259 7 813 3 383 2 366 5 681 6 972 4 532
3 935 7 372 8 280 0 891 4 300 1 303 2 599 5 109 6 982 9 905
3 164 6 578 4 164 8 437 5 880 1 222 0 3 9 582 7 404 2 303
6 108 7 144 9 253 1 330 0 322 4 314 2 212 3 253 5 254 8 167
5 161 9 495 0 777 8 347 6 564 7 828 1 677 3 395 2 255 4 765
0 680 1 413 3 259 5 836 9 407 8 79 2 142 7 84 6 307 4 539
0 678 2 351 9 546 6 752 8 717 3 122 1 756 4 372 7 512 5 43
8 72 6 485 0 5 2 627 9 883 7 783 3 705 1 686 4 269 5 527
2 84 9 510 5 400 0 446 8 338 1 160 3 909 7 890 6 894 4 158
9 397 2 374 7 981 0 115 8 864 3 82 6 980 1 94 4 102 5 861
5 702 4 862 9 600 7 390 8 350 1 947 2 770 0 619 3 670 6 261
3 431 2 360 8 370 4 702 1 937 9 409 0 52 7 682 6 924 5 43
8 773 5 919 1 325 0 92 6 756 9 391 2 292 3 979 7 134 4 786
6 443 2 666 7 282 1 529 3 994 5 584 0 111 8 973 9 497 4 299
0 901 7 310 3 449 6 258 9 405 2 216 8 903 5 225 4 70 1 15
1 110 2 334 7 181 4 227 9 464 3 856 6 608 5 126 8 240 0 343
0 71 6 602 7 327 1 590 2 671 5 593 3 986 9 493 4 876 8 60
2 324 9 99 7 75 1 372 8 381 3 105 4 266 6 175 5 967 0 850
0 692 1 74 3 1000 7 486 5 420 6 470 2 177 4 486 9 5 8 381
9 226 0 433 7 883 5 243 3 887 8 189 2 834 6 305 1 524 4 794
5 10 3 620 4 608 8 784 6 219 0 436 2 265 1 905 7 779 9 25
6 20 8 400 7 521 4 904 9 670 1 400 3 861 5 604 0 757 2 210
7 630 4 911 6 980 1 447 5 791 8 207 0 927 3 652 2 407 9 454
6 883 0 11 1 363 5 33 4 240 2 669 7 267 9 842 8 135 3 677
0 30 5 33 7 578 2 776 9 90 6 677 8 756 3 209 4 772 1 392
2 871 9 257 1 120 3 681 8 667 4 75 5 446 7 419 6 913 0 157
3 561 4 283 9 629 8 19 7 901 6 375 1 441 2 902 5 860 0 505
9 52 8 306 0 109 7 787 2 998 4 677 1 595 6 804 3 102 5 330
3 77 1 840 6 515 9 518 4 151 2 534 8 699 5 746 0 820 7 740
4 867 9 766 6 133 0 901 8 988 2 463 1 579 3 546 5 854 7 912
2 173 9 606 5 652 4 164 3 350 0 530 6 852 8 411 7 527 1 466
3 976 8 818 6 580 1 63 2 590 0 349 7 926 9 315 4 360 5 496
4 5 2 892 0 873 3 955 6 207 5 607 1 373 9 595 8 545 7 918
8 476 6 365 3 160 2 780 1 347 7 854 0 564 9 844 4 838 5 615
9 419 0 770 6 158 7 572 1 718 3 465 4 515 8 794 2 946 5 684
9 158 7 928 0 173 3 632 8 654 1 975 5 834 6 598 4 373 2 155
1 667 0 679 6 350 7 356 3 362 8 72 4 461 2 270 9 244 5 348
5 562 1 355 6 594 3 105 7 484 4 731 8 422 0 114 9 174 2 482
4 582 6 324 3 617 0 695 9 408 1 277 2 126 5 397 8 211 7 870
9 238 7 843 6 365 4 993 8 40 1 390 0 718 2 317 3 550 5 526
5 880 0 214 4 828 9 37 7 570 6 882 2 781 8 940 3 863 1 142
3 364 9 112 1 8 8 719 5 925 4 770 0 91 2 525 7 142 6 356
6 525 9 570 3 85 5 830 0 659 7 560 4 223 2 849 8 521 1 895
9 713 1 155 5 358 2 406 4 351 3 857 7 220 0 234 8 151 6 787
5 663 9 866 2 697 1 264 4 42 0 858 6 373 8 234 7 928 3 942
1 137 9 501 0 725 4 70 6 54 5 937 3 410 8 992 7 406 2 471
7 919 5 252 8 148 4 177 3 1000 1 264 0 215 2 705 6 135 9 932
6 396 9 875 1 330 3 336 7 472 2 631 5 464 8 41 0 767 4 222
4 133 9 26 2 804 3 958 1 199 0 727 8 773 7 944 6 589 5 349
7 65 8 87 9 75 0 966 5 929 1 131 3 284 4 168 2 209 6 403
9 197 3 725 0 690 2 666 8 402 1 93 7 357 5 736 6 783 4 247
3 157 5 720 0 285 8 111 1 722 7 514 2 79 6 305 9 22 4 879
8 928 3 619 1 909 2 426 7 122 9 889 6 94 0 990 4 317 5 362
2 568 3 658 8 355 1 136 9 739 0 538 4 236 5 405 6 573 7 727
3 115 5 144 0 253 7 470 4 892 8 679 1 367 9 933 2 512 6 255
6 868 1 258 2 175 4 118 0 909 7 702 3 712 9 354 8 357 5 975
8 40 7 986 9 233 3 299 4 916 2 442 6 300 5 440 0 549 1 820
0 699 3 952 9 632 6 786 8 617 7 786 2 454 4 512 5 968 1 972
2 855 0 549 3 5 6 948 8 446 1 3 5 462 7 638 9 120 4 164
0 611 8 303 1 79 5 380 9 455 4 417 2 918 7 54 3 377 6 999
7 136 1 94 9 171 8 552 3 417 0 926 4 318 5 360 6 504 2 660
5 960 3 50 7 663 2 665 1 683 6 930 4 1 0 68 8 723 9 78
2 303 0 884 4 116 5 501 9 735 7 709 8 342 1 192 3 834 6 377
7 582 2 221 9 705 3 728 8 570 4 2 6 483 0 866 5 424 1 158
7 404 5 601 1 363 3 499 0 941 6 876 4 372 2 496 9 525 8 830
5 849 2 163 3 745 4 206 6 692 7 284 9 157 0 871 1 91 8 388
8 423 4 127 2 311 3 700 9 348 0 44 7 835 1 450 6 249 5 914
4 227 6 526 0 648 7 162 8 574 3 299 1 261 9 653 2 658 5 178
1 900 8 358 0 987 9 560 5 313 6 853 4 975 2 407 7 108 3 367
2 41 8 122 7 679 3 179 9 656 4 369 0 13 1 63 6 867 5 525
0 184 2 833 9 219 5 405 1 967 3 979 6 133 7 39 4 491 8 61
3 522 5 523 7 68 0 46 4 117 6 265 1 204 8 325 2 433 9 579
3 984 4 393 9 900 1 596 5 95 8 65 7 668 0 112 2 616 6 918
4 869 5 877 6 668 3 340 9 724 8 695 7 533 0 319 2 739 1 882
1 914 8 923 6 96 9 600 2 80 5 371 4 124 3 682 7 950 0 771
6 558 8 259 4 197 0 313 7 721 9 169 2 682 3 462 5 601 1 668
5 154 6 819 3 21 8 793 4 145 7 806 1 633 9 536 2 270 0 252
6 652 5 184 1 383 9 272 8 552 7 701 2 900 4 346 3 347 0 992
4 866 7 459 0 705 5 61 9 31 1 460 8 580 3 674 6 237 2 918
0 425 1 835 6 918 3 924 7 488 4 994 9 906 2 604 8 928 5 987
8 311 2 421 0 748 7 342 6 381 4 979 1 182 5 366 9 444 3 317
3 791 1 318 7 693 9 264 5 112 2 923 0 755 4 916 8 8 6 141
2 724 7 572 8 754 9 175 1 487 3 227 6 161 5 758 4 332 0 954
7 523 5 566 8 322 2 518 6 552 9 471 1 361 4 910 3 254 0 366
1 845 8 458 9 571 4 481 6 11 0 518 7 261 5 707 2 443 3 798
8 481 2 5 6 602 9 933 3 742 7 29 5 643 0 526 1 853 4 224
9 946 3 115 7 792 4 995 2 53 6 307 1 220 0 375 5 991 8 365
1 892 2 307 5 601 9 963 0 427 6 83 7 919 3 227 8 782 4 966
2 397 6 279 5 364 7 174 0 980 8 12 4 914 1 513 3 758 9 759
9 591 5 364 7 113 3 435 0 761 6 294 2 971 1 400 8 907 4 346
4 378 6 357 5 604 1 479 3 478 8 518 9 308 0 762 7 550 2 824
3 989 6 571 8 876 0 473 2 204 5 189 7 838 4 797 1 394 9 982
3 586 9 548 8 884 4 854 7 589 5 687 0 283 2 957 6 472 1 400
2 441 3 197 0 207 7 689 1 833 8 687 9 951 4 61 6 833 5 249
1 604 5 420 2 255 6 317 9 244 0 114 3 429 7 468 4 300 8 678
4 874 9 81 0 116 3 391 1 607 6 955 5 433 2 906 8 290 7 994
3 664 4 761 0 618 7 235 5 850 9 406 8 993 1 30 6 88 2 414
0 423 2 245 3 252 7 576 1 784 4 735 9 601 6 860 8 860 5 474
9 273 5 736 2 286 1 366 3 945 4 542 0 764 8 830 7 722 6 746
0 667 5 18 3 183 6 990 8 155 9 64 2 630 7 688 4 982 1 362
8 165 0 964 2 249 6 976 5 531 4 283 7 860 1 846 3 544 9 637
5 804 6 600 3 673 7 170 0 154 4 345 9 412 8 188 1 208 2 228
1 308 0 288 9 447 6 65 7 234 8 164 5 376 2 977 3 528 4 890
9 485 2 533 3 955 8 746 7 723 0 344 5 636 6 350 4 391 1 806
4 283 9 943 6 82 7 284 2 482 8 814 3 114 1 742 0 81 5 124
0 470 9 527 6 42 4 658 8 453 5 579 1 307 7 85 3 388 2 873
3 684 7 665 2 106 1 780 0 508 4 166 6 938 8 809 9 413 5 704
3 37 8 442 5 784 9 912 2 41 4 433 7 678 0 848 6 946 1 456
0 868 9 332 2 498 7 109 6 754 4 36 5 488 8 252 3 832 1 750
9 515 3 124 8 581 0 112 4 226 7 603 1 726 5 587 2 345 6 29
9 264 0 859 6 985 4 744 2 258 5 634 8 517 7 179 1 361 3 557
7 941 4 525 0 105 3 279 9 265 6 313 8 205 2 761 5 620 1 671
1 92 0 459 7 698 2 206 8 792 4 196 5 511 9 670 3 844 6 156
1 501 4 26 7 273 5 475 0 257 3 530 2 493 6 867 9 771 8 310
8 937 4 968 0 673 1 71 6 365 7 592 2 463 3 72 5 994 9 494
0 436 5 769 1 187 7 288 3 908 6 444 4 641 2 64 9 221 8 920
9 522 5 671 0 585 4 795 6 917 1 917 7 600 3 485 8 21 2 430
8 310 3 559 5 760 7 142 6 800 0 370 1 162 9 109 4 294 2 612
9 779 1 814 3 678 4 838 7 449 5 801 6 237 2 705 0 595 8 280
5 746 0 102 6 612 4 79 9 393 2 908 7 744 8 421 3 25 1 556
5 174 0 279 9 523 6 385 3 978 7 211 4 575 1 556 2 886 8 529
5 541 0 60 7 156 4 990 8 788 9 289 1 419 3 826 2 890 6 857
0 707 3 442 8 577 9 396 2 598 4 688 6 50 1 570 7 422 5 30
0 881 4 237 9 741 8 497 6 69 1 449 2 780 3 490 7 90 5 727
2 732 9 560 4 661 6 233 1 811 7 257 5 659 8 984 0 403 3 824
7 718 6 345 0 893 2 927 8 238 9 822 1 237 3 350 4 600 5 728
0 274 8 84 5 269 3 746 6 692 7 146 4 913 9 97 2 466 1 47
5 629 3 760 6 624 1 318 7 284 4 512 9 417 8 252 2 479 0 301
6 415 0 909 5 678 2 707 4 316 1 926 7 396 8 495 3 515 9 533
4 317 8 218 3 128 5 476 6 935 7 392 0 625 9 677 1 578 2 727
9 592 3 919 0 948 5 171 6 494 1 807 8 437 7 198 2 13 4 730
7 773 0 133 8 42 3 230 5 757 2 926 9 445 1 185 4 1 6 316
6 462 0 665 5 735 7 725 1 598 4 626 3 868 8 355 9 271 2 558
7 340 9 567 2 401 0 446 1 11 5 916 6 602 4 7 8 405 3 471
4 873 0 144 1 767 2 972 6 176 7 1000 5 176 8 763 9 379 3 316
1 951 8 338 9 625 2 830 6 610 7 732 4 430 5 833 3 368 0 183
2 906 9 929 7 884 3 683 1 794 8 775 0 470 5 358 6 457 4 802
6 271 7 661 0 802 2 265 5 913 3 453 8 549 1 765 9 370 4 176
5 36 3 140 2 851 4 82 9 936 8 920 7 841 6 627 1 829 0 94
9 518 0 7 6 702 5 297 2 357 1 305 7 359 3 247 8 841 4 526
3 310 4 756 8 256 0 422 6 748 2 554 9 721 5 221 1 365 7 690
9 103 8 127 4 122 0 100 2 297 5 195 7 471 1 11 3 984 6 38
9 366 5 476 4 844 2 824 0 624 8 564 6 187 1 476 7 459 3 961
9 15 1 776 6 940 0 729 8 627 4 205 5 954 2 631 3 330 7 432
3 37 6 596 0 676 9 471 5 449 7 481 8 301 1 575 2 131 4 211
1 364 9 210 8 46 7 144 2 141 3 14 0 986 4 717 5 243 6 24
4 219 0 210 2 526 9 392 8 793 7 453 1 404 3 934 5 145 6 843
8 288 3 522 9 127 1 837 7 500 4 769 5 742 0 415 2 379 6 660
5 454 6 364 1 128 3 130 7 257 2 573 4 716 0 349 8 546 9 872
5 104 2 162 0 378 3 981 8 200 9 762 1 640 7 780 4 400 6 638
9 821 4 938 5 478 7 135 8 937 3 539 0 571 1 59 6 301 2 321
9 295 5 483 4 934 7 818 1 720 0 530 8 802 3 432 6 511 2 945
5 899 2 689 0 87 3 285 7 989 6 863 1 275 8 673 4 766 9 2
6 586 8 31 0 545 2 369 3 602 5 794 4 110 1 888 9 214 7 792
2 586 4 676 0 765 5 779 7 646 3 585 1 721 8 398 6 487 9 228
9 400 6 869 1 481 5 412 2 27 8 981 4 576 7 299 0 25 3 538
8 29 1 139 2 207 6 712 5 922 9 572 0 454 4 201 3 418 7 322
1 777 4 604 6 656 2 43 7 521 5 967 3 914 0 381 8 159 9 715
0 353 7 510 2 845 6 174 5 456 3 245 1 649 8 422 4 951 9 318
2 967 4 441 0 987 3 652 9 514 7 890 6 859 8 62 1 463 5 918
7 218 6 716 1 526 9 140 5 516 0 418 3 222 4 586 8 630 2 299
3 60 2 236 6 15 5 833 0 424 8 344 7 205 1 281 4 268 9 261
9 677 5 668 0 41 2 762 6 243 1 175 4 656 7 91 8 169 3 268
6 617 9 925 8 952 1 929 3 868 5 587 0 273 7 430 2 378 4 753
0 975 3 117 5 198 2 670 8 339 7 690 4 14 1 110 9 826 6 298
5 912 1 317 0 655 4 943 7 195 6 976 2 673 8 809 3 835 9 150
4 808 1 417 9 296 5 972 8 50 7 599 0 924 2 213 3 20 6 515
9 335 5 168 0 255 1 136 2 945 3 491 4 281 7 93 8 91 6 502
6 413 5 173 9 890 1 474 8 592 3 550 7 305 2 625 0 713 4 6
0 514 3 711 1 692 5 866 7 312 8 141 2 498 6 337 9 444 4 374
2 993 0 748 6 762 5 499 9 796 8 761 7 560 4 745 1 23 3 229
2 843 6 386 0 745 9 862 8 365 1 905 5 597 3 763 4 551 7 623
1 871 9 899 0 638 7 434 6 616 8 594 3 389 5 517 4 830 2 882
8 552 4 875 2 467 7 430 9 552 5 21 0 889 1 138 3 831 6 947
4 543 0 958 9 650 5 303 8 474 3 825 7 678 2 317 1 418 6 978
1 776 8 574 4 119 6 170 9 917 3 52 0 993 7 918 5 203 2 360
6 657 5 792 9 450 4 743 7 272 0 860 8 211 1 115 3 665 2 664
9 131 6 566 2 909 3 901 4 611 0 553 5 12 1 899 7 488 8 418
9 395 3 952 5 954 2 428 7 342 6 889 4 475 0 80 8 746 1 241
4 270 7 546 8 23 6 950 2 753 5 654 1 865 0 203 3 32 9 185
4 699 0 896 9 135 7 308 1 7 6 310 2 724 8 571 5 795 3 846
9 495 0 701 5 651 3 97 1 335 8 299 4 662 7 10 6 195 2 435
1 728 0 560 6 929 3 590 4 677 7 968 5 462 9 829 8 685 2 911
2 859 6 195 3 96 5 860 7 776 8 228 9 214 0 716 1 768 4 747
2 491 9 711 0 152 1 16 7 574 5 952 8 357 4 825 3 701 6 843
8 337 3 239 7 479 2 766 9 938 4 105 6 437 1 945 5 343 0 279
6 758 7 698 3 760 8 941 1 29 9 538 5 265 2 447 4 641 0 179
4 66 8 283 1 809 5 91 7 726 6 545 9 906 2 602 3 470 0 976
9 782 4 462 0 362 6 114 8 563 2 648 1 211 3 248 5 21 7 415
3 832 4 120 0 289 6 731 8 354 7 922 1 535 5 388 2 830 9 946
3 194 2 17 4 255 1 912 0 672 5 668 6 582 9 908 8 281 7 250
1 247 3 276 8 534 0 809 7 617 6 432 2 119 5 986 4 657 9 20
5 16 0 869 9 739 6 940 8 161 7 356 3 919 1 247 2 561 4 48
9 396 1 266 7 726 5 311 8 812 4 485 3 164 6 967 0 459 2 243
2 496 1 461 9 652 7 667 5 199 0 382 6 122 3 755 8 711 4 807
7 681 1 148 8 258 3 951 4 151 5 232 2 299 0 697 6 810 9 672
2 343 9 776 3 566 1 730 8 793 0 668 5 107 7 936 4 489 6 369
0 689 8 508 9 594 1 670 3 177 6 359 7 710 5 547 4 442 2 417
0 449 8 275 5 365 6 634 7 711 4 881 1 701 9 823 3 819 2 503
3 590 5 729 9 861 1 962 7 737 8 775 2 598 4 745 0 705 6 947
1 235 6 580 5 453 3 794 9 196 4 714 0 906 7 805 2 512 8 154
0 780 3 701 9 215 2 739 6 218 7 651 4 155 1 119 8 515 5 781
4 572 5 202 9 368 0 45 6 439 2 545 1 736 3 556 8 258 7 333
1 594 9 755 8 118 2 542 4 450 6 626 5 354 0 220 7 147 3 713
9 920 3 297 0 925 7 979 1 414 8 931 4 228 6 763 2 563 5 573
9 877 8 23 3 131 2 101 7 541 4 993 5 665 0 680 6 127 1 717
8 433 5 609 1 474 9 660 0 735 3 969 2 557 6 926 7 887 4 481
1 824 7 711 0 474 4 675 9 472 2 512 8 769 5 750 3 846 6 422
9 745 0 271 5 926 7 928 1 220 6 853 3 391 2 641 4 512 8 973
5 99 8 566 1 150 4 836 3 700 9 962 6 625 7 91 0 713 2 556
8 304 9 316 1 604 4 2 2 514 5 979 6 674 7 975 0 45 3 608
4 342 8 911 0 283 2 689 5 130 3 12 6 882 7 821 9 747 1 273
3 14 0 875 5 15 9 579 4 238 2 936 6 694 7 608 1 103 8 319
4 34 5 167 1 441 2 938 8 789 9 247 7 708 3 711 6 550 0 524
4 822 1 175 6 599 3 748 2 836 5 800 8 966 0 127 9 506 7 305
8 549 0 565 3 673 7 317 2 792 5 369 9 836 6 617 1 635 4 675
1 519 3 760 0 157 4 740 9 445 7 399 5 357 6 506 8 973 2 194
5 752 6 235 2 431 8 156 4 412 9 343 1 216 7 574 3 613 0 438
7 528 2 263 1 417 3 736 9 244 5 33 0 49 4 403 6 685 8 220
2 230 6 799 5 349 0 780 7 510 3 86 1 593 4 742 9 818 8 575
9 751 4 896 6 989 7 561 0 469 2 189 5 643 3 421 8 307 1 632
1 675 4 500 3 935 5 640 0 835 9 487 6 899 7 106 2 382 8 62
8 437 2 861 5 589 6 440 1 643 3 118 4 519 0 977 7 408 9 331
9 638 0 33 6 168 8 781 7 72 1 441 4 948 2 174 5 214 3 881
7 450 9 882 2 509 3 301 8 564 1 211 5 982 4 894 6 3 0 748
7 468 0 796 1 632 4 7 5 218 2 857 3 502 9 97 6 934 8 537
7 304 1 235 0 774 3 574 8 355 6 260 9 302 4 560 5 783 2 10
6 266 5 993 7 151 9 992 3 222 0 406 1 139 8 721 4 480 2 513
0 622 8 827 6 63 3 107 1 625 5 534 9 426 2 216 7 899 4 227
8 839 2 315 5 171 1 546 0 302 4 152 9 596 6 403 7 938 3 256
0 219 7 78 5 860 6 159 1 544 2 983 3 987 8 281 9 695 4 377
9 244 7 91 3 530 6 563 8 169 5 87 2 901 4 735 0 145 1 935
8 989 3 367 7 541 6 82 0 565 4 347 2 978 9 420 1 999 5 165
8 712 2 807 1 588 9 822 0 478 7 480 3 536 6 185 5 79 4 341
7 621 3 452 4 437 5 418 9 530 1 808 8 880 0 778 2 855 6 990
9 507 0 42 3 256 4 921 2 44 1 738 5 364 7 562 8 366 6 221
0 928 7 342 1 205 4 672 3 117 8 429 6 733 2 479 5 875 9 899
2 767 9 147 1 208 4 185 6 240 8 792 0 978 5 310 7 32 3 402
6 500 0 798 8 548 9 367 7 960 4 133 1 689 2 704 5 713 3 621
0 486 9 833 7 372 4 546 5 244 6 448 2 907 1 559 3 221 8 330
0 669 7 66 5 629 1 633 8 878 6 554 9 178 3 449 4 630 2 673
6 52 1 506 8 696 0 476 9 960 3 968 4 9 2 999 5 431 7 526
3 107 5 421 4 974 2 154 8 366 6 493 0 298 7 617 9 602 1 521
7 577 6 595 1 890 9 352 0 544 8 609 3 672 2 579 4 629 5 427
6 274 7 725 2 104 1 350 3 822 4 507 8 675 5 171 0 136 9 507
2 698 6 810 3 580 5 344 1 633 9 941 8 353 7 75 0 834 4 897
5 509 3 254 8 743 1 63 2 447 6 299 9 873 4 514 0 669 7 697
4 646 7 40 6 746 0 46 5 129 2 259 3 531 8 264 1 681 9 834
1 903 5 213 3 127 2 824 7 849 8 858 9 221 4 566 0 307 6 984
8 896 5 772 3 841 6 243 4 610 0 506 9 463 2 5 7 791 1 741
8 951 7 40 9 913 4 30 1 731 6 552 3 994 2 332 0 683 5 326
0 597 6 521 3 908 7 313 1 818 8 666 2 630 4 646 5 492 9 536
8 375 7 529 6 481 0 468 2 641 9 404 4 693 3 416 5 789 1 820
2 803 7 48 6 611 5 459 0 882 1 671 4 944 9 591 3 727 8 717
8 954 3 634 4 669 2 966 9 274 1 51 5 637 6 470 0 726 7 969
0 132 7 713 1 642 9 352 3 832 8 111 5 818 4 492 2 782 6 948
1 135 2 90 3 651 0 414 5 612 9 566 7 700 4 791 6 156 8 391
0 397 6 875 9 459 1 719 8 459 4 371 5 821 2 567 3 583 7 623
9 470 6 559 7 183 1 523 8 526 2 530 3 186 4 256 5 344 0 488
0 311 7 99 9 1 4 453 5 930 2 267 1 624 8 222 6 205 3 812
0 142 7 76 6 816 2 712 3 106 1 882 5 316 8 605 4 697 9 489
2 889 5 98 7 113 3 674 8 770 6 579 4 833 0 35 9 194 1 196
3 151 2 499 5 13 0 721 1 949 6 535 7 861 8 4 4 768 9 575
3 520 9 928 4 511 0 627 6 202 1 291 5 133 2 150 7 708 8 456
9 34 1 501 3 201 7 378 8 980 0 881 6 561 5 700 2 438 4 983
3 684 2 349 4 658 6 345 9 292 8 770 0 448 7 902 5 247 1 36
0 347 8 68 2 256 3 728 6 532 1 54 4 81 5 989 7 198 9 424
1 216 0 312 7 901 9 63 6 547 2 83 3 275 5 38 8 40 4 172
1 385 3 379 8 101 4 425 2 350 6 367 7 336 5 466 0 103 9 5
0 877 9 135 2 419 6 242 7 139 3 360 4 786 1 394 5 545 8 483
2 17 7 812 8 522 0 792 3 389 1 219 5 905 9 433 6 946 4 717
2 651 6 925 7 214 1 401 3 448 8 484 4 870 9 689 0 973 5 668
2 693 1 191 7 170 3 601 8 413 5 740 4 59 0 724 6 851 9 339
3 341 5 762 6 964 7 685 2 806 4 269 8 645 0 685 1 993 9 521
6 92 7 667 0 214 1 492 2 105 3 246 8 338 5 24 9 872 4 338
0 951 6 293 7 717 5 906 2 562 9 615 4 652 3 631 1 613 8 751
0 77 1 94 9 89 5 374 7 33 6 151 8 210 4 451 3 395 2 490
8 47 1 69 3 949 9 924 7 156 0 533 2 142 6 807 5 358 4 427
3 437 8 7 9 202 7 705 1 285 6 889 0 378 2 636 4 741 5 470
8 533 1 582 0 435 4 573 6 266 9 65 3 764 7 23 2 937 5 574
4 698 9 540 5 710 1 652 2 419 3 507 0 19 7 652 8 450 6 198
6 896 8 304 4 556 0 204 7 250 9 796 5 265 1 903 3 901 2 116
2 628 4 974 0 431 3 421 1 457 6 830 5 259 9 881 8 491 7 665
4 63 9 530 7 959 1 688 6 274 3 687 8 592 5 116 0 125 2 916
4 151 9 832 3 821 1 571 5 463 2 379 6 698 8 985 7 779 0 722
1 936 0 372 5 933 2 658 8 87 6 288 3 963 9 819 7 193 4 721
0 112 4 688 7 815 5 602 9 652 3 130 6 728 8 660 1 401 2 61
7 880 5 74 9 203 6 338 4 137 8 825 3 443 0 523 1 936 2 317
0 209 2 805 7 806 4 471 3 547 1 159 5 625 6 99 9 110 8 986
1 343 0 525 3 199 8 361 7 447 5 915 9 767 4 951 2 859 6 6
8 857 7 943 2 878 0 474 3 993 9 614 6 270 1 973 4 795 5 374
7 566 9 68 1 645 4 460 0 547 3 409 2 738 5 281 6 657 8 937
8 932 7 949 3 153 5 514 2 757 0 383 6 449 9 825 4 371 1 297
2 1000 9 977 0 61 5 416 7 236 4 384 3 54 8 906 6 506 1 3
4 852 2 328 8 577 9 618 6 853 5 251 3 596 1 230 7 48 0 187
2 610 8 767 6 323 1 658 3 844 5 643 4 182 0 318 7 306 9 208
1 723 6 702 5 346 7 826 3 449 0 212 8 902 4 15 9 524 2 193
7 753 9 528 0 978 3 390 2 366 5 907 4 220 1 870 6 612 8 971
1 279 6 449 8 10 9 633 3 982 7 531 4 267 5 44 2 174 0 692
7 478 3 467 6 574 1 440 9 214 0 555 8 920 5 830 2 664 4 133
4 448 6 302 0 230 2 519 8 209 3 276 5 311 9 674 1 270 7 961
6 96 7 843 4 524 9 944 5 307 2 539 1 209 8 294 0 523 3 753
2 848 4 34 9 89 3 776 6 461 8 981 0 758 5 755 1 391 7 747
1 606 7 884 5 119 3 695 6 661 0 244 4 172 2 269 8 801 9 636
3 688 7 776 2 603 9 298 6 42 0 828 5 75 1 224 8 488 4 573
4 7 6 775 5 633 7 415 8 383 3 329 1 277 9 767 2 393 0 643
0 282 8 390 9 908 7 513 1 884 3 614 5 443 4 563 2 703 6 709
8 808 5 629 7 916 0 415 9 586 2 685 1 230 4 728 3 156 6 677
7 280 8 654 1 811 2 249 6 941 9 805 0 588 5 906 4 411 3 444
3 664 7 497 8 836 2 636 0 686 1 535 4 723 5 617 6 147 9 481
3 984 6 161 0 968 7 449 8 848 4 730 2 295 1 727 9 980 5 480
1 419 7 782 0 475 2 292 9 540 6 603 3 511 8 872 5 548 4 673
9 385 2 230 0 833 6 936 4 266 8 73 5 583 7 204 3 400 1 707
8 761 7 481 6 945 0 989 1 156 2 307 3 326 9 573 5 313 4 4
7 127 1 841 8 876 0 351 2 119 5 979 9 437 3 994 4 532 6 485
4 171 9 224 0 677 6 515 5 560 2 348 7 488 3 263 8 405 1 786
6 87 4 664 8 970 5 103 1 862 2 372 9 922 3 97 7 388 0 300
2 969 0 848 7 164 3 167 4 995 9 700 5 271 1 382 8 99 6 136
7 783 0 415 6 236 5 581 8 954 3 6 2 232 9 825 4 273 1 117
1 738 0 374 5 44 2 219 9 354 4 375 3 93 7 435 6 709 8 693
8 373 9 971 5 325 7 888 0 463 2 997 3 140 1 720 4 247 6 67
7 609 3 188 4 797 0 515 8 261 5 369 2 44 9 858 1 165 6 420
2 642 3 381 8 84 0 916 9 52 5 18 4 795 7 894 1 48 6 701
7 48 2 291 3 718 6 567 9 817 4 823 0 875 8 848 1 443 5 456
3 947 2 909 9 683 1 847 0 562 5 853 8 888 6 899 4 424 7 957
4 148 8 80 0 487 3 131 5 269 2 535 7 82 6 592 1 108 9 927
9 91 3 479 1 432 4 969 5 25 0 730 8 216 7 681 2 845 6 443
4 564 3 216 8 319 0 624 7 462 9 679 2 130 6 448 5 987 1 646
3 616 0 466 6 632 5 202 1 323 7 964 9 258 4 148 2 258 8 657
6 806 3 534 5 548 7 756 0 154 1 89 8 60 2 937 4 614 9 363
3 136 7 619 5 770 2 132 9 504 6 104 1 846 4 951 8 712 0 840
6 864 9 293 2 650 4 236 0 549 1 860 3 867 8 124 7 415 5 183
8 632 2 185 9 751 6 584 3 517 1 433 0 232 7 473 4 777 5 8
3 368 5 719 9 298 7 427 6 611 1 623 4 408 2 513 8 477 0 819
5 793 9 90 6 484 8 173 4 1 1 545 2 960 0 604 3 907 7 166
4 696 3 116 0 192 1 388 9 291 6 136 8 562 7 473 2 607 5 59
4 518 1 116 5 9 8 516 3 813 2 40 9 73 0 703 7 429 6 783
6 385 8 959 5 672 2 778 4 619 3 146 9 961 7 924 0 564 1 630
9 534 6 783 3 353 5 127 7 870 1 126 4 84 2 554 0 393 8 521
6 475 9 555 7 998 5 951 4 877 0 627 3 101 1 910 8 706 2 310
8 138 1 630 7 102 4 192 9 618 3 267 6 185 0 63 2 478 5 433
6 326 2 516 5 433 1 642 0 974 4 627 8 839 7 43 9 616 3 802
6 932 8 604 2 368 7 247 1 349 3 742 4 17 0 474 5 319 9 192
2 96 4 433 1 171 5 914 8 255 9 681 6 379 0 730 7 274 3 546
0 956 7 156 9 737 5 52 4 823 8 148 2 811 1 838 6 677 3 607
9 275 0 413 3 863 8 359 5 546 7 417 1 72 2 318 6 33 4 931
2 783 3 554 4 256 7 835 9 732 5 927 8 584 6 295 0 318 1 786
6 74 4 285 3 359 9 713 2 842 7 857 5 702 8 976 1 19 0 954
1 550 0 990 7 48 4 638 2 735 9 118 3 540 8 766 6 385 5 537
9 79 0 589 6 9 7 825 3 422 5 938 2 354 4 561 8 374 1 836
2 377 9 144 7 612 4 13 1 852 0 588 5 364 8 559 3 903 6 602
1 780 4 771 6 365 0 204 2 675 3 625 8 776 5 628 9 788 7 442
0 974 9 845 7 297 6 481 1 728 8 801 2 646 4 824 3 919 5 516
3 124 9 142 4 117 0 319 6 966 5 478 8 630 1 953 7 243 2 659
3 57 6 536 9 568 7 663 4 54 5 261 2 953 8 75 0 918 1 397
7 228 4 585 2 298 3 116 1 139 6 653 9 57 0 301 5 508 8 106
0 185 8 684 3 414 7 640 4 969 5 892 9 826 1 659 2 48 6 940
4 868 2 592 7 6 5 76 9 420 1 840 8 910 6 757 3 422 0 975
0 940 9 966 2 938 1 206 6 945 7 460 3 728 4 476 5 399 8 497
4 84 7 691 1 619 6 517 9 233 2 719 3 239 8 602 0 238 5 938
1 425 5 889 9 770 3 650 7 715 0 778 6 885 4 492 2 319 8 424
4 332 7 113 1 415 3 931 9 80 5 398 8 847 0 663 2 524 6 330
7 856 6 266 8 809 5 985 4 849 2 443 1 89 9 190 0 339 3 222
7 340 2 93 6 946 3 748 1 313 8 933 4 515 5 151 9 837 0 796
4 95 5 403 1 649 8 317 9 531 2 471 7 243 0 285 3 832 6 59
6 724 7 580 3 13 4 740 5 121 1 582 2 967 8 283 9 768 0 521
4 659 9 435 1 225 7 905 3 960 5 449 6 550 2 862 8 20 0 462
3 577 1 351 5 385 8 240 9 905 7 824 4 251 2 279 6 96 0 487
9 152 8 515 0 147 1 77 4 485 6 10 2 879 3 231 5 386 7 287
2 756 4 980 3 289 8 622 1 377 9 345 5 800 7 732 6 13 0 424
7 23 0 556 3 861 1 344 4 568 5 388 2 454 8 781 9 116 6 526
6 665 5 88 4 292 7 602 9 622 2 313 3 290 1 33 0 974 8 624
7 68 5 772 2 649 6 364 8 177 9 763 0 184 4 75 3 372 1 57
9 433 7 336 3 187 4 301 8 605 2 378 5 995 0 115 6 815 1 64
7 433 9 289 2 755 1 411 8 639 6 6 4 560 5 988 0 985 3 964
6 667 4 469 2 555 0 374 3 946 9 412 7 177 8 893 5 962 1 361
4 546 2 613 0 46 1 176 3 946 8 692 9 708 5 994 7 867 6 930
9 285 4 694 8 295 0 363 3 873 1 597 2 309 5 474 6 973 7 283
1 765 5 304 8 163 0 801 7 657 6 602 9 123 2 216 3 235 4 88
3 755 4 712 9 581 2 834 6 8 8 846 1 553 0 885 5 680 7 652
5 845 4 531 1 598 3 154 8 338 2 241 0 705 6 98 7 370 9 289
0 682 8 841 3 595 4 992 1 856 9 858 6 948 5 842 7 377 2 724
1 539 7 537 9 719 6 692 5 593 0 709 3 212 8 405 4 403 2 237
3 420 2 595 1 702 0 91 7 430 5 312 4 197 9 70 8 334 6 566
1 218 8 585 4 610 9 218 6 847 5 129 3 471 2 34 7 976 0 300
7 775 8 829 9 511 5 788 6 857 2 688 0 306 3 722 4 566 1 954
5 85 6 864 7 875 9 237 4 616 2 23 8 656 0 708 3 78 1 479
5 363 7 660 1 465 9 301 8 682 0 931 2 908 3 366 4 628 6 741
1 327 8 754 3 362 2 494 9 97 0 12 7 231 5 866 4 765 6 286
7 969 4 527 1 11 8 321 3 563 9 772 6 641 0 225 2 936 5 867
9 590 3 679 7 366 8 193 0 108 1 265 6 453 4 671 2 712 5 388
1 594 3 705 4 902 9 122 2 445 6 635 0 917 7 406 5 627 8 364
7 997 6 163 1 937 4 34 0 696 2 748 3 366 8 965 5 228 9 79
3 43 6 552 5 596 0 843 2 777 1 657 9 373 8 401 7 879 4 826
1 228 7 119 4 767 3 984 2 850 5 430 6 4 9 577 8 953 0 589
9 483 6 203 8 269 4 622 5 498 0 519 3 586 7 487 1 441 2 220
8 333 2 379 3 868 7 527 6 962 5 351 0 458 1 88 4 554 9 705
3 341 6 112 4 887 9 961 2 982 0 439 7 6 1 188 5 468 8 611
4 430 1 677 8 785 3 210 5 427 0 452 7 329 6 856 2 42 9 803
0 160 9 4 8 993 4 595 3 471 2 725 5 381 7 718 6 347 1 794
7 702 9 869 8 394 0 326 4 251 5 657 2 18 3 386 1 646 6 334
0 72 8 837 7 427 3 540 9 282 1 63 2 226 6 183 4 642 5 371
7 703 8 447 4 511 5 730 0 418 9 562 3 753 2 564 6 400 1 284
0 209 8 178 5 309 2 153 4 427 7 223 3 972 1 745 9 769 6 45
9 502 0 770 7 477 4 755 1 498 2 60 5 450 8 108 3 454 6 533
0 240 9 955 2 363 1 196 6 666 5 874 8 214 7 3 3 278 4 514
0 920 4 694 2 160 8 597 9 668 1 665 5 987 6 151 3 952 7 829
8 357 9 307 2 866 0 874 7 22 5 378 3 24 1 657 6 581 4 486
4 996 2 808 3 919 8 741 5 42 9 521 0 229 6 608 1 816 7 564
0 368 9 435 4 145 2 80 7 4 3 791 1 157 8 537 5 478 6 811
4 993 6 43 3 924 5 114 0 182 7 604 8 703 9 965 2 345 1 576
1 927 5 497 0 382 2 534 7 572 6 515 9 642 3 248 8 596 4 24
6 700 9 256 4 597 3 937 8 998 5 37 1 705 7 644 0 454 2 157
0 825 8 134 2 35 4 124 6 64 5 500 7 727 9 819 3 453 1 872
0 200 5 724 2 76 6 208 9 586 3 521 4 98 7 283 8 365 1 861
6 938 4 461 2 814 5 402 9 305 8 234 3 52 1 65 7 890 0 687
9 74 2 297 1 743 8 924 4 996 6 998 0 822 7 549 5 199 3 3
8 67 0 448 4 18 1 930 9 807 3 257 5 3 6 383 7 317 2 624
8 383 4 109 0 5 5 836 7 186 3 16 6 807 1 354 2 975 9 578
1 269 0 469 6 837 8 1 5 741 3 209 4 350 2 909 9 986 7 259
6 36 4 511 1 494 8 80 7 98 9 213 3 350 5 942 2 917 0 83
0 394 7 607 1 974 3 827 5 839 2 609 4 236 6 781 8 635 9 547
0 618 8 945 6 429 4 779 1 19 2 721 7 78 9 946 3 989 5 108
2 512 4 824 9 761 5 45 8 897 6 420 0 54 1 362 7 172 3 924
3 676 4 224 1 204 5 387 7 244 6 892 2 78 0 976 8 785 9 525
2 522 7 67 8 498 9 5 1 717 5 562 0 664 6 45 3 695 4 842
9 159 8 696 6 676 3 81 5 170 2 872 0 840 4 760 1 791 7 821
9 652 3 399 2 532 7 28 5 808 4 304 1 629 6 924 0 756 8 885
5 708 8 243 4 599 2 21 3 211 0 599 9 339 1 521 6 752 7 953
1 747 3 829 8 846 2 180 6 761 7 906 9 148 0 812 5 544 4 641
1 404 9 993 2 459 8 690 6 898 3 450 5 145 7 594 0 982 4 470
9 990 6 219 2 881 7 965 4 215 0 413 5 72 3 230 1 233 8 98
8 360 5 738 2 334 9 304 1 142 0 317 4 477 3 991 7 17 6 733
1 373 0 554 8 247 6 802 5 102 4 506 9 561 2 46 3 203 7 22
2 779 8 350 3 576 4 271 0 884 6 814 9 797 1 152 7 974 5 147
1 580 8 571 2 675 9 914 7 909 0 773 5 580 3 726 6 906 4 172
8 231 4 695 7 633 9 991 6 629 3 613 1 367 5 315 2 20 0 51
7 467 1 775 0 920 3 129 5 166 8 325 9 289 6 506 2 93 4 945
1 889 9 205 6 568 4 461 0 524 2 502 3 691 7 515 5 732 8 308
0 598 7 372 1 129 9 662 6 554 4 125 2 41 5 574 3 163 8 905
7 193 1 839 6 61 0 857 8 1000 4 227 2 548 9 233 5 4 3 325
3 52 5 924 4 644 7 686 2 769 1 943 0 297 9 427 6 4 8 931
5 26 0 99 2 667 8 860 9 611 1 565 3 388 7 830 6 296 4 744
0 430 5 136 7 419 3 69 4 187 2 577 9 416 6 495 1 966 8 990
4 146 7 491 9 485 3 933 1 164 8 410 0 499 5 860 6 966 2 267
3 325 0 91 4 233 9 909 1 558 2 768 6 545 7 883 8 282 5 809
0 502 9 872 4 211 5 987 8 7 1 681 7 492 3 769 2 700 6 210
0 487 5 121 6 893 4 880 8 725 9 121 7 461 2 118 1 490 3 143
6 965 9 555 1 65 4 501 0 230 5 593 8 468 3 923 7 367 2 913
8 224 2 47 6 351 3 545 0 40 5 799 7 855 4 119 1 9 9 695
8 95 1 119 0 821 5 654 4 539 2 248 6 247 7 435 9 202 3 957
3 657 2 205 8 827 9 776 6 437 0 64 1 205 5 33 4 903 7 595
3 361 1 868 7 811 0 398 5 246 6 936 9 480 2 216 4 841 8 99
3 168 1 799 6 438 8 187 9 363 5 793 0 687 4 471 7 455 2 255
5 920 8 420 3 182 7 258 6 909 2 20 1 572 0 669 9 65 4 873
9 132 8 194 6 20 4 424 2 142 0 592 7 687 3 568 1 910 5 210
0 167 3 73 2 124 4 547 8 852 6 465 5 748 9 462 7 757 1 569
2 674 3 914 8 610 4 87 6 516 7 370 0 38 9 589 5 131 1 218
4 887 3 622 5 62 6 5 9 139 0 377 8 429 1 852 7 144 2 790
2 616 3 49 6 831 5 661 8 402 7 841 1 46 4 478 9 861 0 320
3 714 5 395 1 3 9 183 8 862 0 649 7 222 2 856 6 738 4 653
7 997 8 634 4 394 1 844 5 435 2 112 6 49 0 651 9 789 3 115
6 643 3 325 9 968 1 680 0 700 2 3 7 741 5 796 8 312 4 677
9 307 6 4 2 264 0 287 8 679 1 890 7 78 5 855 3 337 4 889
7 77 2 458 4 462 8 113 6 759 9 558 0 190 1 238 3 940 5 930
3 802 5 851 8 389 0 250 7 988 9 428 6 410 4 671 1 954 2 449
9 534 1 355 3 208 5 598 0 285 2 154 7 705 4 967 8 934 6 676
0 802 9 905 5 611 6 287 7 371 4 852 3 506 8 601 2 514 1 68
5 440 6 178 3 790 1 855 7 449 9 272 8 646 0 105 2 878 4 93
6 764 4 371 0 251 1 443 3 881 7 866 8 364 5 872 2 229 9 979
9 523 8 156 5 987 2 932 4 433 0 615 6 527 3 6 1 255 7 840
8 13 0 607 3 511 4 432 2 928 9 499 5 228 1 84 6 715 7 363
3 922 0 593 6 639 4 134 2 732 8 10 1 314 5 883 9 160 7 758
8 600 2 377 3 377 6 373 9 17 1 901 4 961 7 440 0 471 5 651
7 809 0 536 6 241 9 664 3 614 8 646 1 873 2 860 4 898 5 258
9 191 8 237 5 508 1 55 6 328 2 462 3 284 0 588 7 279 4 318
2 1000 4 302 0 757 8 421 3 996 1 480 6 56 5 642 9 601 7 973
2 574 5 455 3 733 9 964 4 28 8 910 6 306 0 1 7 607 1 645
6 318 4 381 5 318 3 524 8 447 1 276 7 258 9 640 0 856 2 956
8 251 0 464 4 869 1 37 9 361 2 756 5 143 7 172 6 980 3 205
4 492 7 977 3 800 1 407 0 734 5 297 6 272 2 819 9 566 8 558
2 725 7 706 4 621 9 217 3 540 6 332 8 479 5 514 0 122 1 310
7 356 2 758 5 724 8 858 1 652 4 368 6 311 0 241 9 647 3 218
3 256 9 523 0 422 4 826 5 378 2 958 8 17 7 930 6 530 1 357
6 326 5 831 0 520 4 352 2 523 7 755 8 756 3 185 1 888 9 382
2 435 7 423 4 204 8 519 9 397 3 131 0 882 1 121 6 539 5 920
0 263 2 481 5 434 6 343 9 75 8 27 4 599 3 168 7 962 1 476
0 838 3 854 6 262 1 74 9 59 8 537 5 171 4 559 7 748 2 7
9 830 8 5 2 689 5 84 1 715 4 491 0 985 3 725 6 201 7 421
4 546 7 357 8 156 0 539 5 613 3 255 9 200 6 640 1 123 2 378
8 604 6 146 7 96 1 506 9 82 5 897 3 923 0 803 2 442 4 80
9 959 6 881 1 622 0 553 2 313 7 395 5 421 3 309 8 613 4 325
6 167 4 281 3 376 5 981 7 146 0 308 1 636 9 933 8 223 2 405
7 60 2 63 8 204 4 153 6 916 0 183 3 543 9 233 5 475 1 610
0 235 8 979 1 744 6 708 4 442 2 775 9 630 5 191 3 168 7 130
3 598 5 151 9 407 6 215 2 759 7 515 0 236 4 465 1 973 8 422
4 214 1 517 7 955 3 867 6 966 5 964 8 974 9 607 0 903 2 527
6 495 0 896 5 388 8 163 1 388 3 748 9 112 7 364 4 629 2 228
0 30 4 701 7 630 1 79 2 301 9 229 8 517 5 123 3 360 6 909
4 850 2 102 6 456 8 358 7 454 9 98 1 790 3 296 0 305 5 223
1 464 6 446 4 404 5 155 0 599 9 77 2 528 3 285 8 819 7 314
5 81 9 575 3 884 6 955 8 58 1 577 0 246 4 117 7 534 2 513
4 471 0 333 1 840 6 281 7 313 3 867 5 680 9 417 8 583 2 297
3 91 0 715 9 77 7 49 4 973 2 670 1 144 8 116 6 342 5 194
1 383 7 607 8 470 3 978 9 981 2 959 0 806 4 984 5 324 6 141
8 709 2 770 4 216 9 237 0 51 3 826 6 709 7 928 5 174 1 395
8 85 1 834 7 510 4 151 6 962 2 718 3 207 5 214 0 660 9 589
8 803 9 392 5 304 4 621 2 273 0 260 6 878 1 38 3 334 7 553
3 213 1 776 2 118 8 129 0 349 9 992 4 711 7 366 6 304 5 401
5 555 7 492 4 478 2 143 1 32 8 966 9 683 0 183 6 61 3 77
0 359 6 99 5 451 7 707 4 459 1 426 9 933 2 918 3 483 8 11
3 462 4 368 1 140 0 425 9 630 2 611 5 322 8 58 6 952 7 641
2 766 7 106 4 91 6 865 1 500 3 581 5 995 9 390 0 725 8 322
6 291 0 801 5 93 4 531 3 58 7 647 8 690 1 320 9 711 2 174
2 231 4 547 5 66 1 192 3 189 0 510 7 488 9 2 8 685 6 136
3 914 4 607 9 668 6 159 1 403 5 573 7 427 0 624 8 460 2 705
2 98 0 106 5 886 8 830 3 481 1 160 9 691 7 168 6 715 4 365
5 762 9 223 3 903 6 393 0 637 4 87 2 252 8 922 7 56 1 700
6 640 9 638 8 121 4 803 1 253 0 668 5 662 3 508 2 433 7 787
6 999 1 196 5 328 9 962 7 569 8 326 4 776 3 607 0 556 2 633
2 609 0 699 3 442 1 109 7 159 8 962 5 717 6 303 4 565 9 856
9 603 2 844 4 368 1 335 0 584 6 178 7 533 8 558 5 225 3 258
4 560 8 331 1 272 5 338 3 522 2 480 9 257 0 807 6 381 7 563
4 472 0 719 8 88 9 144 6 308 3 684 1 714 2 794 7 596 5 765
0 820 3 902 6 933 8 71 9 560 5 272 4 237 2 64 1 776 7 271
9 167 8 972 4 508 2 939 7 267 3 968 5 636 1 151 0 513 6 692
1 574 2 177 0 706 6 102 3 372 7 647 8 764 4 425 9 293 5 372
4 248 5 549 3 582 8 671 0 241 7 448 6 365 9 76 1 682 2 609
6 98 2 716 4 252 9 581 0 443 3 888 8 900 7 699 1 250 5 587
0 366 7 618 2 60 6 453 5 168 4 610 1 601 9 771 8 220 3 279
8 812 5 580 7 3 9 170 3 390 4 631 6 707 1 547 2 843 0 552
0 741 9 121 5 208 6 401 4 749 3 81 1 830 2 781 8 575 7 717
7 760 6 664 0 194 3 371 4 206 9 194 5 172 2 398 8 76 1 570
7 314 4 483 0 690 3 751 6 682 2 170 1 280 8 314 9 775 5 68
4 589 1 839 0 736 7 811 8 548 9 738 3 678 6 285 5 620 2 775
7 935 9 314 3 619 0 474 8 388 6 885 1 94 4 892 2 219 5 888
6 807 9 143 4 170 0 351 7 396 1 57 8 305 3 39 2 416 5 652
8 522 3 879 4 112 9 318 2 152 7 452 1 652 6 244 0 665 5 811
1 967 2 889 0 746 9 728 3 285 7 981 4 941 8 795 5 793 6 640
1 121 6 778 4 376 7 750 8 663 3 929 2 877 9 789 5 716 0 614
8 66 0 521 5 248 6 553 2 432 9 504 1 329 4 192 3 595 7 329
9 476 7 18 6 708 0 120 4 258 3 537 8 804 2 76 1 307 5 634
8 218 9 578 3 10 1 769 4 378 0 442 7 957 5 597 6 411 2 335
1 383 9 754 8 466 0 821 4 675 5 798 7 376 6 450 3 655 2 3
0 141 8 214 5 851 2 347 4 215 9 271 6 5 1 26 7 403 3 565
0 426 3 253 7 254 9 293 6 754 8 120 4 657 1 249 2 873 5 197
9 39 2 396 0 54 8 81 5 493 6 60 1 210 3 960 7 805 4 896
4 78 3 681 5 510 1 24 8 665 2 436 9 811 7 587 6 133 0 807
7 350 0 435 1 933 9 104 6 657 2 534 5 85 8 453 3 129 4 398
9 174 6 887 1 248 7 600 4 460 2 109 5 573 3 770 8 94 0 613
6 938 7 405 2 242 5 197 8 482 9 297 4 754 0 583 3 757 1 824
9 111 5 811 2 665 6 298 8 88 3 47 4 975 0 336 1 783 7 258
9 743 2 573 3 504 7 318 1 648 8 246 0 951 4 35 6 592 5 835
1 317 8 560 6 797 9 125 3 351 0 660 7 310 5 743 4 411 2 219
3 552 4 401 9 271 1 196 5 793 6 287 8 416 0 607 7 363 2 704
0 92 9 372 7 789 5 618 2 76 6 22 1 68 4 507 3 282 8 567
7 257 8 355 4 267 3 333 0 800 2 365 1 360 9 386 6 484 5 404
5 79 8 601 9 514 3 938 2 889 4 92 7 888 1 60 6 992 0 923
8 785 1 1 9 431 6 327 0 241 3 217 5 822 4 596 7 8 2 514
0 856 8 868 4 532 9 310 2 58 6 761 1 887 3 905 7 547 5 762
5 498 3 958 1 947 0 647 7 557 9 112 2 641 6 144 4 900 8 510
5 924 9 519 8 687 0 176 4 286 3 126 6 86 1 78 2 128 7 675
9 327 1 384 5 790 0 384 6 758 2 704 7 81 4 558 8 743 3 68
8 994 3 394 5 275 2 239 1 625 7 104 4 13 6 247 9 539 0 244
7 80 6 745 4 833 3 103 8 399 5 304 0 91 1 918 2 912 9 797
7 560 1 655 0 118 3 297 5 944 2 237 6 425 8 141 4 521 9 811
2 484 4 122 9 515 3 276 7 779 0 253 8 616 1 144 5 951 6 690
0 762 6 235 4 880 8 897 2 987 5 312 3 446 7 894 1 299 9 611
7 451 0 466 3 698 2 372 9 160 4 47 6 483 1 752 8 883 5 545
4 744 6 769 1 210 3 368 5 488 0 197 9 998 2 482 8 674 7 12
4 175 9 406 5 396 6 523 2 280 7 730 1 268 0 189 3 863 8 805
2 850 3 793 5 708 8 665 9 961 4 823 6 746 7 769 1 937 0 604
0 863 1 481 7 186 9 190 5 316 2 218 6 542 3 225 8 273 4 668
9 963 8 31 2 433 5 166 4 691 1 406 0 852 3 369 6 507 7 667
8 247 3 466 0 413 9 780 4 581 1 255 6 369 2 619 7 200 5 121
8 615 7 95 3 416 1 615 4 450 0 637 6 615 5 891 2 689 9 883
8 366 4 422 9 999 2 373 7 656 1 902 3 957 0 857 6 553 5 8
9 745 8 668 5 226 4 577 1 918 6 23 7 612 2 86 3 63 0 413
7 766 5 483 8 696 1 699 6 197 4 376 0 276 3 674 9 30 2 640
2 949 6 841 4 459 5 899 1 491 7 538 9 944 8 900 0 436 3 839
7 66 4 268 1 116 9 382 8 251 0 293 2 145 6 240 3 908 5 275
1 926 5 999 2 135 8 788 7 82 6 741 3 383 4 217 0 356 9 137
5 934 9 236 4 6 1 805 0 475 7 721 3 971 6 187 8 103 2 721
6 869 3 14 7 650 0 122 2 655 5 340 4 519 1 194 9 380 8 121
0 96 6 802 8 211 1 631 4 47 2 352 5 280 9 641 3 547 7 900
4 376 3 719 9 467 6 452 7 368 5 172 0 274 1 355 2 449 8 443
4 807 8 52 6 172 3 760 5 303 2 108 7 719 0 667 9 618 1 901
0 466 8 894 4 95 9 503 6 377 1 768 5 236 3 586 2 397 7 691
3 686 0 158 1 841 6 151 9 257 4 987 7 430 5 881 8 884 2 581
8 500 0 438 3 29 9 382 6 429 1 34 7 237 4 479 2 47 5 950
0 839 8 66 6 399 9 709 5 490 2 799 3 172 1 279 4 680 7 766
9 359 6 758 8 666 0 780 7 605 4 646 3 547 5 502 1 342 2 434
3 358 0 530 6 245 1 497 5 332 9 22 8 76 2 152 7 686 4 984
6 76 5 521 1 331 2 900 9 150 8 256 3 982 0 516 4 521 7 894
4 560 9 273 0 96 5 407 8 605 1 192 7 303 6 990 2 598 3 392
4 714 6 57 2 202 7 864 8 962 5 95 3 889 0 430 1 157 9 221
0 671 9 521 6 545 8 544 1 506 3 600 5 197 2 180 4 608 7 99
8 171 6 947 2 631 1 407 3 798 7 650 0 10 4 1000 9 708 5 789
6 845 4 318 0 192 1 683 7 790 9 298 8 463 5 996 2 720 3 394
6 124 2 262 5 677 0 200 9 410 7 495 4 287 8 841 1 462 3 781
7 499 0 153 9 95 6 418 5 186 8 155 1 539 3 523 4 149 2 310
8 535 4 767 7 517 6 716 9 162 2 132 5 749 3 548 1 975 0 260
4 780 1 479 7 709 6 400 9 763 3 151 5 940 8 875 0 23 2 524
1 726 0 727 9 651 3 888 6 536 5 77 2 141 4 890 8 436 7 181
6 835 7 256 8 460 3 270 9 418 1 693 5 733 2 751 0 571 4 50
