1000 10
9 225 1 470 0 601 8 29 4 842 5 412 6 447 2 394 7 951 3 20
1 926 2 221 5 490 4 841 9 7 6 357 3 596 0 214 8 969 7 156
0 526 2 432 3 959 8 157 6 991 4 751 7 874 5 418 9 474 1 838
2 798 8 742 0 826 9 505 1 523 7 394 6 798 3 806 5 707 4 467
4 979 1 765 2 963 7 488 0 306 6 305 9 511 5 33 3 568 8 184
5 351 4 707 6 347 3 959 9 784 7 56 2 976 1 559 8 696 0 91
8 134 6 140 4 802 9 425 7 54 1 363 5 194 0 179 3 730 2 387
1 661 9 152 4 447 0 485 5 672 8 887 2 136 7 502 3 396 6 155
3 608 8 19 6 747 0 783 7 564 9 19 1 738 5 120 2 355 4 72
4 946 3 66 7 218 5 183 8 452 9 682 0 704 1 32 2 761 6 507
6 379 5 15 0 499 4 53 7 286 1 328 3 164 9 935 8 192 2 754
3 313 7 685 6 241 5 282 2 938 0 517 9 795 1 48 8 977 4 667
8 67 5 526 1 36 2 980 7 602 4 69 6 24 0 663 9 285 3 698
6 108 3 623 2 997 1 686 9 136 5 982 8 836 4 611 0 785 7 196
7 277 5 178 3 802 9 789 0 774 1 897 2 199 6 528 8 229 4 545
6 737 3 667 2 844 4 270 9 249 0 300 1 154 7 288 8 619 5 643
8 256 7 463 1 177 0 731 2 13 5 691 9 816 3 631 6 662 4 849
0 883 7 25 4 765 2 521 9 59 5 989 6 372 8 76 3 856 1 413
1 102 5 108 0 318 9 878 2 243 3 515 8 846 4 271 6 814 7 701
2 536 1 121 5 845 4 474 9 26 0 882 3 493 6 939 7 112 8 668
3 687 5 854 0 72 9 522 2 818 8 917 4 904 1 267 6 766 7 120
4 910 7 951 0 298 1 955 5 604 6 62 8 923 2 586 3 583 9 328
7 890 2 632 0 170 9 191 8 657 5 959 4 188 1 664 3 697 6 834
3 370 6 305 4 347 1 831 8 986 0 220 5 689 7 128 2 477 9 194
4 632 1 616 3 216 8 323 7 837 0 338 6 72 9 713 5 785 2 21
5 767 2 628 7 634 0 133 3 31 1 616 4 967 8 107 9 298 6 642
3 767 4 612 6 436 0 754 9 711 5 591 2 325 7 147 1 559 8 287
9 319 1 837 6 439 3 680 4 144 2 932 0 115 7 783 5 684 8 697
9 872 3 714 8 195 6 454 0 570 4 831 7 570 5 351 2 995 1 305
0 665 1 484 6 162 4 772 7 945 3 43 8 798 5 770 2 207 9 738
0 630 6 126 7 529 1 410 9 478 2 485 3 795 8 295 5 864 4 164
7 334 0 700 8 92 9 957 5 567 2 515 6 157 4 3 1 304 3 258
2 922 5 933 9 637 8 249 0 646 7 488 3 244 1 128 4 205 6 164
3 738 6 846 4 347 0 472 7 70 8 852 5 498 2 882 1 285 9 239
6 863 7 439 8 521 1 460 2 98 0 520 9 430 4 455 3 673 5 821
2 931 8 12 0 936 6 460 9 793 5 774 1 950 3 938 7 356 4 717
6 999 9 714 2 554 3 466 4 458 8 467 0 396 5 287 7 334 1 315
1 937 9 761 3 246 0 618 2 169 7 583 5 517 6 705 4 717 8 973
8 200 4 417 6 41 9 209 0 671 2 680 7 826 3 398 1 592 5 439
4 794 6 574 3 920 5 959 2 581 9 507 8 734 7 281 0 623 1 766
2 846 8 68 3 428 6 953 0 863 9 281 7 739 4 664 5 770 1 307
6 344 1 569 2 247 3 587 9 36 4 76 7 518 0 431 8 116 5 494
5 942 6 146 0 323 1 760 7 317 2 87 9 157 8 572 4 357 3 559
8 561 3 55 9 687 1 266 0 481 2 474 6 879 4 690 5 769 7 467
0 980 1 259 9 106 7 712 3 346 6 606 2 722 5 507 4 886 8 685
5 234 8 97 1 749 0 385 7 204 4 181 9 625 3 270 6 686 2 250
9 546 5 417 0 471 6 181 2 133 8 96 7 997 4 504 1 19 3 431
0 425 3 883 6 544 2 595 4 992 5 702 1 293 7 631 9 926 8 513
6 237 1 60 7 89 2 580 4 210 3 718 8 87 9 82 0 993 5 73
5 189 1 192 2 912 7 50 9 910 4 140 3 154 8 602 0 308 6 593
1 573 2 77 5 470 9 998 4 89 8 41 7 789 3 534 6 132 0 914
7 133 2 2 6 70 0 834 1 53 5 186 3 191 8 942 9 522 4 660
0 744 9 907 5 654 1 571 8 357 4 719 7 945 2 960 6 36 3 829
1 457 4 926 7 938 0 672 2 836 8 359 6 19 5 568 9 111 3 588
9 355 2 659 4 689 8 626 7 318 6 10 1 433 5 88 3 953 0 524
1 456 9 149 8 875 4 913 0 309 5 918 7 683 3 524 2 580 6 973
7 103 4 52 5 794 8 149 0 390 6 60 9 87 1 634 2 467 3 221
9 712 4 190 5 510 3 637 6 487 8 245 0 704 7 777 1 226 2 178
1 132 8 150 2 293 9 690 5 557 3 181 6 917 7 286 4 351 0 613
1 27 6 799 7 526 2 899 0 456 5 66 8 205 9 380 4 307 3 307
8 52 7 27 1 876 2 821 5 489 0 741 3 868 9 519 4 969 6 433
1 212 7 323 9 347 0 230 2 358 4 776 6 26 5 461 3 291 8 255
1 821 2 646 0 706 6 778 8 541 3 262 9 66 4 368 7 610 5 773
5 404 0 758 6 346 2 414 3 448 4 919 7 391 8 943 1 883 9 708
9 892 6 872 3 274 5 951 7 300 2 57 0 797 1 417 8 255 4 36
8 11 2 444 3 217 1 762 5 981 4 522 7 321 6 562 9 10 0 12
7 675 8 11 6 727 4 847 2 34 3 714 1 224 0 136 5 734 9 415
4 192 9 8 6 181 2 490 5 473 0 451 3 490 8 275 7 8 1 787
6 583 2 15 1 936 7 337 9 471 5 382 0 33 8 211 4 565 3 226
0 285 2 785 6 603 7 154 8 687 1 714 3 184 4 820 9 400 5 251
8 160 3 777 2 431 6 799 0 977 7 281 9 44 4 11 1 88 5 160
6 442 7 152 5 318 9 569 1 463 2 499 0 771 8 398 4 353 3 121
9 29 6 690 3 822 5 484 1 981 8 501 4 624 2 547 7 974 0 391
8 323 9 373 6 795 0 968 2 692 1 206 4 163 3 723 5 392 7 866
5 476 6 235 3 935 0 118 7 353 4 694 8 403 1 862 2 209 9 438
6 137 3 673 5 366 7 262 8 538 0 208 9 662 1 850 4 398 2 454
5 18 9 751 7 950 3 250 0 337 1 953 2 236 4 847 6 776 8 851
4 305 6 468 5 928 2 921 0 123 7 807 3 748 1 922 9 297 8 701
9 493 7 450 3 709 5 229 4 140 6 507 0 405 1 26 8 539 2 227
4 925 5 415 6 952 8 984 3 716 9 236 7 799 2 528 1 961 0 495
1 555 8 814 4 387 9 806 3 633 6 222 5 322 7 113 2 330 0 442
0 125 6 333 3 914 4 485 7 265 9 418 5 913 2 28 1 242 8 70
1 950 8 637 4 721 5 338 6 563 2 535 9 946 3 250 7 801 0 945
1 169 2 402 0 961 5 510 8 433 7 12 9 731 6 334 4 849 3 478
1 911 7 337 5 99 4 145 0 918 3 100 6 521 9 388 2 867 8 645
2 702 5 630 7 284 0 579 1 407 3 675 9 783 8 543 4 84 6 670
9 395 5 7 1 911 3 52 6 796 4 889 2 192 8 417 0 202 7 533
8 562 9 156 5 871 1 827 2 318 7 109 3 91 6 827 4 330 0 696
2 782 8 211 3 101 6 337 7 209 5 43 0 921 1 14 9 89 4 332
6 574 8 580 4 393 7 447 1 855 2 642 0 411 9 147 3 67 5 770
0 442 7 910 5 979 2 942 1 655 9 572 3 987 6 575 8 295 4 741
0 86 2 536 6 789 1 465 9 498 4 457 8 209 7 103 5 277 3 231
2 892 9 451 7 99 4 201 6 687 8 421 1 629 3 54 0 815 5 286
4 96 8 786 3 855 2 222 1 775 7 32 9 43 0 329 6 773 5 832
8 564 4 512 3 219 0 89 7 660 1 123 5 738 9 154 6 880 2 404
1 38 6 747 5 45 2 103 7 768 8 713 4 312 9 341 3 974 0 494
7 830 9 824 6 32 4 862 1 485 3 825 0 858 2 117 8 277 5 781
7 801 9 671 5 207 0 246 6 468 3 616 4 104 2 230 8 921 1 521
5 161 6 246 1 912 0 564 9 151 2 372 4 64 3 439 8 562 7 715
0 780 4 852 9 868 5 92 8 842 1 769 3 608 6 411 2 128 7 787
9 972 0 260 7 843 8 702 3 324 4 412 5 429 6 71 2 300 1 572
4 890 0 690 9 642 5 608 6 312 2 359 7 118 3 654 1 856 8 679
0 487 7 730 4 181 8 621 2 332 5 671 6 464 3 272 1 715 9 679
3 341 7 37 8 217 1 699 5 958 6 25 2 759 9 262 0 410 4 123
9 741 3 307 7 210 5 1000 4 374 1 320 0 560 6 537 2 279 8 530
9 300 5 943 6 397 7 199 4 988 0 118 3 346 2 435 1 631 8 967
2 756 3 554 7 534 8 215 9 714 4 821 0 111 1 965 6 292 5 567
6 440 9 873 5 958 8 167 4 101 2 784 0 704 7 920 1 406 3 500
3 213 1 435 7 151 9 824 5 502 8 134 4 125 0 673 2 763 6 142
4 906 0 40 8 877 2 464 3 902 1 189 6 387 7 454 9 458 5 845
4 910 9 493 2 345 1 195 8 259 7 762 0 158 6 741 5 973 3 77
2 844 6 893 7 861 0 773 5 198 3 952 9 207 4 203 1 652 8 548
5 258 4 795 6 14 7 314 9 611 2 517 3 608 8 947 1 30 0 954
0 795 7 782 2 451 1 738 5 523 6 623 8 409 4 178 9 794 3 916
9 466 3 714 2 712 0 1 4 210 1 997 8 821 7 507 6 492 5 298
5 893 3 681 8 115 7 327 0 615 9 551 2 27 1 853 6 978 4 308
4 154 0 878 9 973 5 220 6 246 1 931 3 481 7 496 8 611 2 490
3 404 8 336 1 985 4 493 6 645 5 354 7 216 0 846 9 191 2 916
0 937 2 390 6 509 3 126 9 747 5 525 7 960 8 939 1 615 4 667
9 320 4 350 3 776 8 173 5 644 1 834 7 26 2 867 6 943 0 225
5 622 1 911 6 202 9 254 7 391 8 960 0 752 3 22 2 652 4 780
4 545 0 440 6 546 3 556 5 263 2 598 1 494 9 273 7 479 8 899
2 332 3 340 8 964 0 196 6 494 4 83 9 566 5 180 1 836 7 664
2 689 5 552 3 685 0 931 8 238 1 217 6 832 9 872 4 243 7 343
1 537 6 811 3 983 9 858 8 675 0 528 7 30 2 652 4 806 5 631
1 517 8 523 5 950 0 420 9 587 2 859 4 912 6 645 7 173 3 7
8 849 3 572 1 940 0 79 9 596 7 444 4 92 6 630 5 736 2 185
8 244 9 291 7 36 6 936 0 269 2 695 4 128 3 469 5 912 1 518
8 233 1 932 9 145 6 414 0 504 2 359 4 618 7 685 3 689 5 414
1 365 5 607 2 483 9 764 4 10 3 340 7 832 0 974 8 529 6 848
3 698 8 158 0 557 2 740 9 48 7 854 4 934 5 83 6 172 1 633
5 48 6 831 2 267 0 123 4 221 1 385 7 480 9 512 8 108 3 743
2 309 6 82 0 28 8 591 7 303 3 372 4 809 5 898 9 452 1 827
3 337 9 60 4 356 0 541 8 740 6 960 2 674 1 641 7 382 5 328
9 893 6 126 7 203 5 986 2 47 3 960 0 117 4 791 1 425 8 245
6 989 4 277 3 465 7 381 5 756 9 60 1 345 2 792 8 420 0 37
5 533 0 305 7 952 2 349 3 209 4 456 9 412 6 602 1 556 8 230
7 466 9 957 4 237 5 673 1 683 0 29 2 633 6 615 3 767 8 21
9 134 0 480 3 313 6 99 2 344 5 60 4 97 1 25 7 221 8 3
2 7 8 728 6 614 9 587 5 873 0 656 1 908 4 484 3 761 7 429
7 453 0 856 5 950 2 564 3 50 6 838 9 214 4 99 8 726 1 429
9 61 7 86 2 213 1 525 8 300 6 997 4 110 5 202 3 873 0 99
0 415 3 98 6 566 8 777 4 915 7 30 5 441 1 809 2 667 9 221
4 120 3 31 8 438 5 891 9 390 1 145 0 318 6 424 7 198 2 544
6 361 8 909 0 355 5 606 9 368 4 938 7 186 3 319 2 824 1 83
5 5 3 973 9 354 8 529 6 53 7 707 2 201 0 564 4 867 1 211
6 72 1 366 0 363 7 379 4 285 2 291 5 365 9 185 8 646 3 861
8 345 2 224 0 351 9 155 1 367 7 139 4 269 5 9 6 640 3 798
9 145 3 907 5 28 7 812 6 324 0 508 2 953 1 586 4 780 8 899
0 644 6 786 7 264 9 660 1 160 3 21 5 774 2 965 8 720 4 568
2 534 5 351 4 698 8 367 1 755 0 364 9 131 3 767 7 486 6 296
0 345 8 788 2 646 7 727 1 392 6 899 3 40 4 126 9 164 5 610
5 854 2 486 7 728 8 44 6 335 0 699 9 449 3 712 1 228 4 164
7 155 6 953 4 698 0 843 8 830 2 97 9 577 5 995 1 635 3 630
7 464 5 361 9 433 4 286 3 202 6 298 0 918 8 791 2 937 1 92
3 796 1 255 0 237 4 106 2 747 8 450 7 737 5 287 6 180 9 498
3 339 8 500 9 177 1 217 2 382 0 44 5 159 4 442 6 422 7 300
9 349 6 253 3 111 4 968 5 972 1 529 2 122 7 177 0 290 8 667
5 956 8 18 9 628 6 725 7 893 4 922 3 688 1 706 0 746 2 516
9 108 3 766 7 864 8 929 0 407 1 467 5 118 6 848 2 970 4 606
2 613 0 236 3 123 1 327 7 415 9 899 4 302 8 311 6 281 5 638
4 335 2 892 9 94 6 380 8 552 0 912 1 785 5 338 3 851 7 200
6 454 4 309 8 318 0 104 3 438 5 768 9 185 2 772 1 534 7 577
6 244 1 961 8 755 7 901 2 401 9 833 0 739 5 396 4 427 3 189
9 291 7 543 1 818 4 238 8 153 0 734 6 612 5 228 2 669 3 142
6 282 1 951 3 761 5 399 9 100 2 132 0 250 7 508 4 698 8 703
0 497 2 628 4 312 9 359 7 683 3 717 8 340 6 375 1 497 5 1000
0 608 5 456 4 805 6 727 8 494 7 92 3 858 1 307 9 429 2 261
3 246 7 395 4 279 6 388 8 247 1 302 9 260 2 950 5 958 0 538
6 191 4 352 1 717 3 61 8 978 2 572 9 97 0 848 5 400 7 796
4 444 3 251 8 359 2 994 1 74 7 635 0 145 5 794 9 981 6 680
7 477 5 231 8 847 4 548 6 871 0 666 2 579 3 782 1 16 9 986
5 769 1 252 3 451 6 813 4 324 0 935 8 462 7 996 2 882 9 808
1 329 2 12 3 943 0 889 4 894 9 857 7 590 5 478 8 517 6 309
7 254 8 601 1 794 4 974 6 724 0 421 2 125 3 62 5 971 9 667
8 94 0 572 2 621 6 608 7 843 1 720 9 156 5 472 3 920 4 723
8 457 4 283 9 82 6 420 2 784 1 573 7 784 0 719 5 574 3 988
7 950 2 617 8 760 6 706 1 535 9 390 5 986 3 650 0 478 4 19
1 465 7 800 0 1 9 384 4 606 5 289 8 691 3 77 6 239 2 914
0 437 2 989 5 467 6 292 1 432 9 40 4 385 8 692 7 249 3 522
1 542 0 401 6 41 4 201 7 281 9 855 8 976 2 164 3 485 5 344
7 382 6 510 3 866 5 642 8 254 0 330 2 728 9 796 1 135 4 681
2 810 4 850 5 423 6 990 0 555 1 272 3 214 8 955 7 855 9 98
4 429 2 765 5 536 9 570 6 266 3 33 7 780 8 963 1 1 0 370
5 647 4 322 8 544 7 811 9 555 3 61 1 383 6 174 2 72 0 315
4 466 7 527 8 777 5 883 6 956 1 75 2 477 9 929 0 98 3 658
5 366 3 819 2 577 0 915 6 682 1 770 8 829 4 47 9 772 7 379
5 327 4 357 0 559 3 637 6 321 1 829 7 590 8 773 2 833 9 960
7 778 8 349 5 105 6 876 3 640 9 891 2 575 0 190 1 246 4 349
4 622 7 800 8 211 1 275 5 935 6 898 9 288 3 285 0 765 2 764
8 431 4 643 1 988 3 625 5 686 2 307 6 349 9 848 7 760 0 973
8 161 6 60 4 256 0 819 3 887 7 836 9 43 2 852 1 964 5 820
9 257 2 703 8 830 1 514 3 471 5 189 0 781 7 861 6 437 4 927
4 438 9 478 2 751 1 623 5 902 0 923 7 914 3 874 8 143 6 641
8 101 7 154 9 306 1 23 4 33 0 458 6 457 2 418 5 78 3 507
0 983 5 882 9 507 8 804 6 527 1 123 3 785 7 766 2 966 4 263
2 21 5 797 4 70 9 401 1 89 6 258 7 464 8 397 0 758 3 53
3 828 8 475 4 936 1 40 7 520 9 395 2 822 6 47 0 323 5 2
8 980 9 588 2 749 5 642 7 903 6 671 0 53 1 960 4 12 3 26
8 510 3 598 9 429 6 218 0 175 2 841 5 889 1 329 4 166 7 389
5 591 8 25 3 184 7 900 4 815 2 779 6 71 9 165 1 69 0 797
4 792 2 385 6 171 5 466 7 952 9 9 1 681 3 348 0 347 8 572
8 404 2 293 7 697 1 893 9 448 5 266 4 926 0 576 3 427 6 312
5 476 6 317 9 216 2 233 3 118 8 773 4 429 1 719 0 547 7 361
5 242 9 945 2 558 0 419 1 685 3 899 7 342 8 196 6 902 4 327
0 351 9 332 5 924 8 730 6 924 1 216 7 587 2 178 4 830 3 685
3 507 2 131 8 974 6 986 0 934 9 537 1 331 5 372 4 725 7 495
0 49 8 452 2 471 1 966 7 990 5 699 4 768 6 369 3 330 9 341
3 586 9 869 6 802 7 899 8 66 1 902 2 49 5 242 4 369 0 997
7 276 0 970 6 821 5 942 4 992 1 929 9 252 2 805 3 363 8 853
3 357 4 536 8 515 1 592 9 363 2 112 7 623 0 141 6 982 5 529
7 408 1 570 2 519 0 281 4 803 6 326 3 632 9 29 8 206 5 769
7 230 2 343 9 748 8 11 3 205 5 52 1 215 4 388 6 606 0 393
9 817 1 915 2 23 5 638 7 295 8 803 4 791 6 35 0 323 3 847
3 188 2 703 6 212 7 709 4 227 0 743 8 644 5 960 1 92 9 99
7 646 2 528 3 799 4 292 1 961 9 301 0 670 8 930 6 894 5 769
4 617 5 122 7 970 0 291 9 632 2 69 8 368 6 935 3 465 1 507
1 374 8 370 4 262 9 966 0 522 2 388 5 794 7 500 3 994 6 102
0 472 3 436 2 861 9 299 5 831 6 505 4 208 7 291 1 574 8 108
4 969 2 891 1 1000 8 83 6 866 0 840 3 340 9 816 7 826 5 385
5 533 3 933 8 718 6 117 1 696 0 107 7 319 9 441 4 551 2 890
1 944 4 460 7 121 0 531 8 279 9 86 3 715 6 281 2 29 5 754
7 856 4 62 9 44 5 5 0 128 8 353 6 596 2 303 1 776 3 236
8 937 5 486 4 709 6 828 0 93 2 545 9 54 1 459 7 830 3 698
6 566 2 399 4 579 9 245 1 435 7 925 3 344 0 829 5 390 8 752
8 203 7 534 4 823 1 635 2 619 0 565 5 76 6 831 3 789 9 715
9 957 7 901 3 354 8 400 2 584 6 165 4 288 5 853 1 828 0 903
0 874 4 482 5 516 3 431 7 591 2 478 8 138 1 294 9 229 6 884
1 949 5 355 8 199 3 962 4 768 0 608 9 698 7 101 2 432 6 521
7 632 1 241 0 50 4 215 3 255 5 589 8 607 6 851 2 346 9 59
7 222 1 54 4 257 8 788 9 188 5 676 0 471 2 282 3 658 6 50
9 592 4 743 1 18 3 901 6 349 7 723 8 255 2 881 0 838 5 915
3 945 6 979 4 218 9 204 2 810 0 158 8 342 5 184 1 616 7 313
8 120 4 975 1 447 2 122 6 454 0 830 9 370 5 156 3 400 7 685
1 350 6 444 0 367 3 58 5 812 9 58 7 296 2 436 8 944 4 322
5 457 7 578 2 874 0 753 9 959 3 945 1 513 6 741 8 594 4 284
7 111 5 926 6 6 9 526 1 5 2 89 3 294 8 547 0 779 4 219
6 470 2 820 1 340 5 369 9 477 0 722 3 436 4 950 8 245 7 169
3 959 7 639 4 169 1 966 9 536 0 864 5 139 2 932 8 226 6 297
4 159 8 815 0 103 2 291 3 39 1 3 6 658 9 269 7 691 5 599
6 667 5 955 3 492 1 403 4 687 0 533 9 358 7 897 8 224 2 702
0 1000 7 136 2 272 1 339 5 905 4 498 9 142 6 387 8 665 3 824
3 971 8 958 0 545 6 540 4 500 5 798 2 344 7 915 1 212 9 994
4 971 6 213 7 820 9 58 0 87 2 597 1 226 3 572 8 398 5 292
7 84 6 157 4 748 8 370 9 927 0 123 5 653 3 684 2 353 1 263
3 830 7 665 5 110 8 784 4 68 9 102 2 595 0 610 6 756 1 290
0 221 6 526 8 944 3 275 5 893 7 979 1 579 2 639 4 794 9 538
7 362 9 255 4 403 6 191 1 342 8 430 2 448 3 587 0 570 5 815
1 603 6 502 5 213 3 324 0 801 9 546 8 941 7 523 4 535 2 220
0 521 6 347 2 914 3 427 8 872 5 508 1 767 9 754 4 299 7 140
1 124 5 378 6 732 9 238 4 89 8 552 7 914 0 237 3 270 2 431
6 418 9 191 8 907 3 86 0 779 4 949 5 150 1 474 7 150 2 366
1 100 0 270 2 921 8 34 5 991 7 934 4 238 9 604 6 16 3 20
4 460 0 265 1 714 3 625 2 282 7 662 5 811 9 349 8 987 6 430
4 415 5 330 9 203 7 920 1 426 8 851 3 692 0 135 6 490 2 986
7 165 1 659 5 687 6 54 8 448 0 100 4 928 2 787 9 351 3 207
2 932 8 988 6 434 1 234 9 377 7 299 3 487 0 273 4 612 5 193
3 94 2 427 7 645 9 834 5 832 0 118 4 766 6 415 8 452 1 702
0 825 7 279 6 709 1 893 4 947 5 391 9 91 3 693 8 921 2 534
6 757 1 673 7 701 2 318 8 840 9 993 0 461 5 556 3 591 4 908
0 136 4 921 5 959 2 128 6 238 8 401 9 861 7 165 1 203 3 456
2 214 9 239 4 575 1 380 8 138 0 426 3 117 6 662 7 214 5 536
1 982 0 522 4 893 7 150 2 570 5 302 9 211 8 813 3 858 6 256
9 278 7 620 5 932 2 855 6 57 3 394 1 460 8 875 0 678 4 881
5 460 2 961 6 23 8 142 1 848 3 391 7 592 9 549 0 984 4 982
3 853 8 706 6 267 7 309 9 844 1 322 5 676 2 353 4 647 0 912
6 116 0 218 8 992 2 683 3 956 9 185 4 337 5 556 1 364 7 806
5 359 8 294 6 133 0 830 7 930 4 886 9 360 3 674 1 860 2 482
9 561 1 827 3 715 6 982 5 611 8 937 7 573 2 641 0 585 4 930
5 455 0 550 7 854 3 863 4 810 8 975 9 562 6 458 1 906 2 955
9 474 7 732 6 76 3 328 4 531 2 924 1 28 8 796 5 938 0 474
0 904 5 109 8 915 1 801 3 429 6 81 7 708 9 506 4 732 2 703
1 957 4 885 2 376 7 100 0 582 5 371 6 478 9 634 3 940 8 23
5 458 8 859 1 434 3 843 6 474 2 139 0 177 4 990 7 609 9 523
4 676 3 355 8 514 0 450 9 650 2 317 7 959 6 774 5 320 1 502
0 589 7 872 2 90 8 359 9 253 1 982 5 54 3 634 6 26 4 154
6 678 8 291 1 26 4 111 3 720 2 133 0 484 7 75 5 491 9 336
7 164 2 952 4 792 8 656 9 501 6 637 5 139 0 546 3 564 1 410
4 196 9 759 0 772 7 808 6 911 2 923 3 884 5 287 1 556 8 839
2 169 6 881 0 995 7 650 8 249 4 163 9 960 3 230 1 278 5 172
6 6 0 847 7 826 3 238 8 780 1 310 9 837 2 106 5 569 4 988
2 169 6 320 0 837 9 898 3 894 5 964 7 989 8 629 4 847 1 563
4 794 6 975 5 119 8 821 3 239 9 200 0 473 1 429 2 742 7 244
6 196 9 979 0 942 2 742 1 871 3 850 8 386 4 546 7 286 5 349
3 337 5 183 7 553 6 221 2 789 4 931 0 933 8 966 1 250 9 769
9 498 3 232 5 53 0 134 7 897 2 792 6 991 8 322 1 495 4 478
9 957 7 753 5 866 6 378 2 797 8 161 1 14 0 520 4 287 3 541
0 509 1 642 2 845 6 168 9 913 5 964 7 153 8 854 3 559 4 803
2 362 9 780 8 962 3 567 0 274 6 272 4 97 5 128 1 950 7 347
9 150 0 748 7 931 1 530 5 356 3 110 4 642 2 12 6 308 8 955
2 303 0 862 9 532 7 221 4 652 3 74 8 117 1 762 5 21 6 358
8 503 5 191 0 160 6 745 4 451 2 614 1 259 3 528 7 757 9 136
9 377 7 839 4 644 3 851 6 562 2 811 0 759 8 979 1 598 5 292
6 885 2 223 0 542 8 599 7 881 1 787 9 888 3 937 5 736 4 931
2 661 6 9 5 521 0 559 7 816 4 620 3 881 8 369 1 573 9 60
8 23 7 155 2 259 6 274 0 26 1 742 9 887 4 296 5 453 3 886
4 623 6 907 2 4 3 673 8 88 7 758 1 591 0 566 5 805 9 482
6 200 2 642 8 916 0 521 3 113 1 749 9 278 7 890 5 759 4 891
3 579 8 854 1 277 7 975 6 384 4 313 2 7 9 34 0 23 5 588
5 564 8 193 1 240 0 32 7 950 9 453 6 433 2 773 3 898 4 539
9 951 0 336 3 702 7 659 5 960 6 227 4 180 8 102 1 159 2 646
1 242 6 225 8 451 2 283 3 114 5 783 9 141 0 783 7 373 4 34
1 44 6 420 8 447 4 977 5 566 7 956 3 415 9 398 2 637 0 32
5 446 7 926 2 283 8 703 4 609 3 675 0 540 9 514 6 324 1 439
3 599 5 508 6 125 4 62 1 912 0 638 7 554 8 942 9 573 2 16
0 985 7 763 6 251 8 428 5 202 4 19 1 644 9 533 3 10 2 464
0 879 3 645 9 407 5 4 8 797 2 467 7 19 6 222 4 523 1 283
8 263 0 938 5 521 2 744 3 285 9 623 7 542 4 293 1 394 6 602
2 573 1 769 3 974 9 697 4 496 8 544 7 33 5 265 6 551 0 302
8 692 7 104 9 613 2 686 3 657 5 367 4 96 6 217 1 49 0 55
9 531 5 491 3 416 2 573 1 569 7 511 4 998 0 1000 8 576 6 842
2 724 5 366 9 104 6 917 7 793 4 302 1 583 0 940 3 633 8 225
8 794 5 19 7 17 0 962 1 177 4 216 2 793 3 116 9 480 6 588
9 646 7 891 3 974 4 412 6 307 8 562 0 788 5 180 2 891 1 588
1 211 5 930 4 22 3 262 9 138 2 736 6 782 0 489 7 43 8 107
9 356 3 517 5 905 2 761 7 420 4 569 1 185 8 903 0 274 6 952
2 81 0 288 8 583 1 77 7 721 6 714 9 500 3 847 5 221 4 675
6 2 5 335 1 756 7 113 0 387 3 14 2 160 4 238 9 512 8 900
2 210 0 730 3 368 9 19 6 329 8 835 4 626 1 122 7 311 5 583
3 872 9 597 6 944 2 978 8 688 1 970 5 632 4 51 7 639 0 102
8 16 2 768 4 236 6 262 5 989 1 346 3 127 9 962 7 733 0 756
8 244 0 827 9 254 7 173 5 744 2 981 6 373 3 325 4 615 1 88
9 856 0 76 2 303 3 561 6 785 7 941 4 196 1 781 5 607 8 65
6 785 1 141 3 746 0 216 9 816 2 668 8 907 4 699 7 958 5 46
6 46 5 45 9 46 4 507 7 821 3 40 0 24 2 745 8 586 1 275
2 886 3 472 9 768 8 177 7 347 5 94 0 527 4 261 1 344 6 595
1 618 5 681 9 388 6 911 3 287 0 854 2 8 4 983 7 898 8 614
9 548 3 566 8 646 1 397 7 545 5 552 0 681 6 590 2 540 4 426
6 251 9 562 0 876 2 277 7 323 4 667 1 560 8 434 3 702 5 382
7 728 1 799 9 437 5 271 2 918 3 103 4 449 0 111 6 80 8 632
1 78 4 584 6 158 5 582 8 433 7 809 0 234 3 5 2 40 9 764
4 841 8 139 0 364 6 221 5 668 2 444 7 381 3 30 9 179 1 775
5 723 0 341 9 311 7 38 2 516 6 991 1 290 4 83 3 638 8 845
2 886 0 389 7 467 3 373 4 550 6 274 8 676 9 564 5 405 1 422
8 396 2 934 3 73 4 258 9 674 5 944 7 564 6 856 0 242 1 765
9 911 1 515 4 921 5 157 0 554 2 227 3 154 8 996 7 724 6 942
7 850 1 310 4 860 8 626 5 437 9 760 3 538 0 534 2 282 6 170
2 341 1 801 6 354 5 96 4 282 0 202 3 200 8 440 7 829 9 374
8 374 1 134 9 216 7 888 5 980 3 362 6 965 2 35 0 709 4 531
1 169 0 763 4 104 8 365 5 991 6 266 9 479 2 262 7 445 3 502
3 800 2 359 9 143 6 711 4 678 1 902 7 663 8 151 5 875 0 608
7 830 4 978 1 852 5 659 0 234 8 932 9 841 6 745 2 51 3 946
1 311 6 544 9 611 2 776 5 460 0 535 3 906 4 594 8 63 7 3
6 203 1 646 8 673 3 144 9 399 0 934 4 436 2 427 7 324 5 220
0 254 3 340 5 817 1 471 2 914 9 121 6 441 4 122 8 531 7 61
5 937 1 563 6 166 4 823 9 680 2 952 7 467 8 375 3 538 0 941
6 103 2 395 7 424 4 899 9 874 0 640 3 952 5 762 1 432 8 76
3 653 1 575 0 702 9 320 7 915 2 593 8 570 6 731 4 601 5 53
9 343 4 482 7 211 0 962 1 300 3 68 2 650 5 903 6 360 8 145
5 707 7 696 2 765 6 618 1 161 4 151 0 790 8 187 9 111 3 390
6 725 7 573 9 62 1 523 8 53 3 505 2 303 4 101 0 41 5 319
0 318 2 155 7 8 5 196 9 420 6 636 8 302 1 722 4 151 3 225
4 472 5 737 6 352 0 542 1 283 3 315 7 712 8 935 9 897 2 997
8 896 6 575 7 457 9 146 4 60 2 252 5 994 1 10 3 707 0 847
0 844 3 399 9 309 6 495 7 387 2 800 4 817 1 669 5 920 8 798
2 50 1 674 9 854 7 36 3 334 4 260 8 582 5 387 6 107 0 631
3 928 2 691 8 782 7 137 6 742 5 94 0 753 9 382 4 262 1 271
2 24 3 586 7 101 6 792 9 329 4 437 1 154 8 841 0 974 5 672
9 886 2 756 0 207 4 717 5 702 1 868 8 48 7 869 3 634 6 998
7 165 4 692 9 766 6 8 8 246 5 430 3 818 2 495 1 963 0 917
5 279 3 612 4 565 6 674 8 161 0 182 1 934 7 761 9 300 2 859
6 886 4 897 5 196 9 79 3 59 7 640 0 165 8 872 1 148 2 870
8 483 0 384 5 770 9 208 4 711 6 225 3 636 2 261 1 143 7 343
5 429 6 125 2 953 1 734 4 180 8 252 7 84 3 221 0 488 9 502
2 266 3 522 0 950 9 53 5 782 4 613 6 896 1 782 7 22 8 537
7 780 2 938 8 957 6 525 9 950 3 88 1 304 5 224 4 307 0 352
0 106 6 891 8 91 3 594 4 735 5 720 1 298 2 964 7 138 9 576
6 595 7 258 2 203 9 611 5 425 4 704 8 528 3 776 0 964 1 147
0 270 8 749 4 580 5 606 3 44 9 856 2 54 7 577 6 220 1 91
6 624 9 779 5 448 2 14 0 113 1 680 3 789 4 503 7 802 8 109
5 998 8 876 3 244 9 392 1 728 7 449 0 476 2 669 4 381 6 709
1 322 5 332 6 928 2 223 4 890 8 918 9 660 3 14 0 732 7 437
9 432 0 245 4 334 2 555 5 283 8 662 6 36 3 131 1 240 7 253
9 865 0 36 1 646 7 189 5 21 6 580 3 175 2 73 4 347 8 657
0 163 5 184 3 174 9 411 6 528 2 363 7 15 1 845 4 616 8 859
4 966 7 18 5 31 3 507 2 570 0 356 1 384 9 965 6 318 8 455
8 179 4 528 0 979 5 724 3 981 6 863 2 284 1 386 7 923 9 421
4 58 7 655 5 412 6 148 8 244 2 21 1 459 3 150 9 130 0 143
1 150 9 474 2 414 5 850 8 486 0 352 3 184 6 329 7 763 4 504
5 605 3 704 9 218 8 340 6 883 0 682 7 134 4 141 1 452 2 638
6 97 0 43 9 348 2 388 1 637 5 151 4 40 3 286 7 468 8 850
5 45 7 25 8 888 4 617 9 586 3 907 0 928 6 336 1 452 2 526
1 327 2 642 3 732 5 706 0 986 6 35 7 750 8 17 9 430 4 85
2 257 5 540 9 356 6 878 0 382 8 404 4 307 7 115 1 111 3 234
2 80 5 822 9 493 7 695 0 731 4 562 6 854 3 559 1 153 8 287
3 649 7 120 9 82 2 425 0 919 6 474 5 631 8 403 1 152 4 358
0 522 7 81 8 175 3 768 9 105 5 315 2 51 1 761 6 776 4 277
2 411 9 765 7 114 0 723 6 174 4 332 5 468 8 330 3 116 1 196
6 302 5 682 3 476 4 651 0 583 8 79 1 594 7 298 2 803 9 527
6 804 3 429 4 764 7 550 2 50 5 710 1 331 8 452 9 745 0 242
4 777 9 9 3 258 6 220 7 822 1 879 5 955 2 773 8 765 0 493
3 777 9 317 2 322 8 364 7 632 5 890 4 809 6 841 1 290 0 319
8 821 9 627 7 279 5 809 3 993 6 999 0 551 2 395 4 790 1 568
3 9 4 841 5 842 0 154 2 335 6 625 1 889 7 237 8 249 9 637
9 379 2 358 7 370 5 861 8 98 3 97 1 74 0 962 6 941 4 739
4 449 1 837 8 134 9 596 7 845 0 774 2 669 6 810 3 985 5 857
4 543 3 968 5 34 0 802 9 415 7 957 6 526 2 9 1 230 8 105
3 131 2 857 6 498 4 91 7 674 8 722 1 489 0 885 5 774 9 262
7 88 1 289 5 85 6 913 8 92 2 517 3 33 9 81 4 532 0 777
4 427 8 549 3 593 1 993 9 374 2 994 6 123 7 390 5 731 0 96
0 10 3 855 4 694 5 948 7 62 8 910 6 4 9 855 2 795 1 813
0 864 1 283 3 732 8 446 2 105 9 725 7 602 6 290 5 872 4 534
6 626 9 849 3 971 4 835 7 993 1 928 8 34 5 933 0 332 2 537
0 691 5 843 2 624 4 164 7 142 8 851 3 698 6 524 1 535 9 503
0 133 1 20 4 283 2 756 9 670 7 991 5 784 8 38 3 437 6 127
1 254 9 976 7 426 5 286 0 284 3 824 6 882 8 832 2 369 4 686
0 557 2 674 3 680 4 340 1 28 7 35 5 63 6 233 9 100 8 640
5 188 9 968 8 418 7 718 2 107 3 718 6 74 0 1000 1 913 4 945
7 552 5 857 1 318 9 347 3 394 0 347 2 883 6 342 4 400 8 454
8 824 4 241 6 345 5 52 0 88 2 41 1 739 9 433 3 148 7 475
5 959 9 416 3 216 7 77 0 247 6 992 4 790 2 172 8 340 1 453
9 781 4 432 6 528 5 211 3 917 8 940 1 629 2 238 7 530 0 306
6 296 5 357 0 491 3 291 8 190 2 676 9 806 7 292 4 289 1 272
7 146 9 988 0 694 4 574 2 296 3 314 8 695 6 413 1 262 5 27
8 528 1 634 9 145 7 697 6 784 3 345 0 151 5 423 2 6 4 337
1 831 8 121 4 237 7 425 5 965 9 480 3 142 2 134 0 390 6 11
9 1000 4 854 8 740 6 233 0 447 5 871 3 62 7 891 1 590 2 833
4 768 7 295 0 714 3 906 6 90 9 278 1 620 2 568 8 575 5 879
6 842 9 225 5 117 8 413 1 524 3 934 2 507 4 531 0 574 7 238
4 444 6 608 8 54 5 711 3 295 0 942 9 156 7 527 1 112 2 124
2 593 4 656 3 559 9 603 7 637 1 450 6 451 8 829 5 329 0 3
6 538 5 449 4 78 9 345 3 63 7 379 2 672 1 648 8 369 0 25
9 178 3 495 0 236 1 353 6 687 8 653 5 247 7 574 4 146 2 705
7 89 1 569 4 395 0 103 2 800 5 747 8 839 3 262 6 144 9 280
4 74 9 774 0 596 7 688 3 708 1 391 8 364 6 296 5 173 2 244
7 371 8 757 2 758 6 447 1 963 5 688 4 734 0 662 3 767 9 797
0 669 6 203 1 645 2 646 9 953 5 601 8 615 4 668 7 458 3 58
9 461 8 69 5 308 4 813 0 832 6 585 1 385 3 933 2 69 7 230
2 832 1 237 8 716 9 212 4 782 7 1000 3 651 0 635 5 791 6 309
9 948 5 88 3 785 7 943 1 729 0 727 4 446 8 466 6 471 2 466
4 932 2 849 0 918 1 871 9 434 6 541 8 131 5 239 7 249 3 648
8 695 9 147 5 500 3 464 1 152 2 801 0 558 4 55 6 586 7 149
3 183 7 390 5 218 8 707 9 906 1 34 6 855 4 416 0 902 2 119
3 357 1 24 7 463 9 481 4 367 2 393 6 584 8 481 5 1000 0 551
2 240 5 196 7 999 1 281 8 462 6 896 9 797 3 513 0 522 4 295
8 443 1 321 4 545 7 206 5 612 6 497 0 436 2 575 3 893 9 237
1 550 8 883 2 517 0 194 5 688 6 132 9 253 4 921 7 771 3 381
3 181 5 628 9 753 4 525 2 47 6 190 0 273 1 8 7 189 8 496
6 909 7 918 5 354 1 669 4 810 2 104 3 463 0 950 8 259 9 564
8 997 4 330 9 313 0 210 1 402 2 829 7 355 6 318 3 354 5 434
1 798 0 270 5 27 4 387 2 890 9 942 8 541 6 493 7 713 3 711
8 996 3 992 2 133 0 62 9 740 7 76 1 860 6 320 4 239 5 672
0 730 1 531 7 245 3 627 8 500 9 360 4 593 2 429 6 548 5 325
6 508 3 16 1 534 2 199 5 625 4 40 7 286 9 500 8 316 0 401
7 379 4 838 3 24 8 400 9 132 0 700 6 715 2 586 1 646 5 971
0 560 5 472 3 927 6 409 1 824 9 204 7 634 4 98 8 46 2 469
8 95 2 187 7 406 6 726 5 846 3 980 9 745 1 70 0 832 4 963
1 928 6 296 2 91 9 83 0 274 4 898 7 360 3 468 8 973 5 570
3 738 6 747 1 309 2 740 7 580 8 370 9 331 5 465 0 775 4 675
1 492 3 626 0 944 4 293 7 596 9 338 6 827 2 313 5 280 8 929
8 38 9 383 4 646 0 381 6 347 1 81 2 81 7 738 3 755 5 489
8 12 7 618 5 980 2 878 4 330 0 384 6 383 1 410 9 752 3 854
1 632 4 463 3 928 9 807 7 539 5 943 8 451 2 183 6 327 0 907
9 594 4 446 5 978 2 739 8 576 7 35 1 249 3 637 6 767 0 405
2 818 0 480 6 830 3 149 5 416 4 272 9 404 8 47 1 922 7 612
4 429 9 232 6 569 0 594 5 142 7 433 2 515 3 229 1 629 8 529
8 729 4 933 2 346 6 249 0 129 5 469 7 516 9 896 3 297 1 457
0 897 4 951 8 489 3 566 2 198 7 639 6 955 5 331 9 975 1 142
5 986 4 877 6 588 7 537 3 996 1 121 2 849 8 931 0 638 9 411
9 456 2 516 3 666 0 587 6 812 4 733 8 495 5 535 1 269 7 151
0 526 4 563 8 947 1 979 2 900 7 668 3 528 9 924 5 369 6 309
2 695 3 673 8 907 7 961 0 211 5 934 6 367 1 423 9 702 4 722
7 406 1 484 0 367 3 988 4 696 5 762 8 638 9 862 2 968 6 445
5 631 0 932 9 524 6 430 7 912 3 214 4 343 1 545 2 553 8 520
7 28 0 385 3 831 6 115 4 513 2 812 5 173 8 316 9 902 1 377
8 552 6 586 2 609 9 373 4 398 7 997 5 975 0 45 3 658 1 514
7 392 9 869 4 30 6 499 2 912 3 527 1 341 0 235 8 462 5 224
9 179 1 967 8 979 7 60 0 28 6 624 4 824 3 569 2 310 5 749
6 156 9 49 8 221 7 590 4 897 0 74 5 41 1 555 2 410 3 184
4 213 2 946 9 987 0 25 7 942 1 704 5 925 8 513 3 62 6 814
7 68 2 732 4 868 5 485 1 687 6 257 9 42 3 229 8 4 0 678
3 579 4 750 6 141 9 525 2 71 7 330 5 251 1 478 8 364 0 594
4 645 2 951 3 954 8 468 0 941 5 551 1 19 6 710 9 351 7 16
6 870 8 237 3 15 0 938 7 831 4 414 1 894 9 868 5 828 2 773
7 817 5 29 2 262 6 572 3 822 0 72 8 74 9 267 1 171 4 335
7 627 5 46 0 349 4 399 2 366 3 876 6 826 8 25 1 826 9 235
3 219 2 480 4 562 0 385 7 98 6 382 8 288 9 966 5 436 1 601
6 495 7 69 3 818 8 499 1 37 5 369 0 866 4 383 9 979 2 964
8 997 4 703 7 571 1 259 0 149 2 403 5 373 9 845 3 845 6 267
6 398 7 986 8 597 0 830 9 797 2 833 1 128 5 163 4 123 3 297
3 699 2 900 9 423 0 929 6 573 7 755 5 843 8 667 4 478 1 269
4 798 2 299 8 125 0 843 1 199 9 53 3 817 6 247 5 546 7 452
4 188 1 467 6 411 9 143 5 87 8 261 7 28 2 567 0 166 3 822
9 780 4 299 3 338 2 538 0 431 1 756 6 548 8 403 7 500 5 364
0 485 5 966 9 271 2 49 6 647 3 839 1 882 7 592 8 46 4 903
8 978 4 69 6 913 9 147 3 877 5 278 7 32 1 257 0 835 2 367
7 793 9 740 3 504 8 473 1 386 5 94 2 524 0 947 6 277 4 157
7 484 1 506 2 99 9 894 5 185 0 572 4 366 3 358 6 666 8 361
9 936 2 296 5 473 0 314 8 961 7 896 1 984 6 852 3 921 4 270
5 566 6 766 8 371 2 655 4 633 7 701 0 233 9 53 3 89 1 161
3 306 6 598 7 447 0 240 8 989 4 490 2 81 1 800 5 704 9 21
6 595 8 602 3 961 1 613 2 275 0 682 9 273 5 118 7 872 4 611
0 648 2 385 4 976 1 303 6 761 7 59 3 893 5 516 8 739 9 545
9 563 8 274 5 416 3 306 6 249 1 241 4 374 0 677 7 402 2 24
3 439 7 216 1 15 4 160 8 656 0 250 9 115 6 399 5 435 2 249
6 906 1 736 4 784 8 181 9 230 3 831 2 375 5 286 0 271 7 970
9 403 1 600 3 198 7 556 4 867 5 388 6 383 2 739 0 674 8 227
1 441 2 601 6 881 7 99 3 188 8 191 4 822 9 212 5 277 0 77
1 868 5 348 7 880 9 143 8 342 2 806 6 363 0 354 3 977 4 298
6 243 4 588 8 853 1 686 3 758 0 1000 5 615 7 817 9 260 2 17
0 702 2 944 8 322 7 846 4 704 1 42 3 812 5 756 9 465 6 974
0 447 7 657 3 1000 6 44 2 80 4 220 1 397 8 377 5 236 9 803
1 530 2 12 7 813 8 220 9 198 0 277 6 854 3 764 5 672 4 974
1 596 2 910 0 886 3 89 5 480 9 612 8 201 6 744 4 637 7 153
4 900 8 324 1 331 0 23 6 682 5 781 3 397 9 555 7 122 2 697
4 5 5 926 2 88 3 656 1 970 8 799 7 529 9 851 6 619 0 52
9 914 2 348 6 899 3 912 5 685 8 793 1 649 4 70 0 737 7 19
5 266 0 139 3 876 9 259 6 253 2 562 1 544 4 83 8 43 7 801
4 864 9 898 0 545 8 1000 6 374 7 433 3 716 5 938 2 642 1 307
3 16 8 932 0 496 4 346 2 701 7 618 9 967 5 196 1 350 6 809
1 498 3 477 8 583 2 71 0 932 9 501 5 762 4 510 7 229 6 50
1 582 2 288 8 579 4 752 6 526 9 189 3 111 7 581 0 577 5 255
4 966 5 522 9 786 1 830 2 720 0 59 6 62 7 136 3 592 8 983
1 182 2 136 8 624 3 130 4 24 0 631 5 65 7 80 6 894 9 184
2 924 5 405 7 19 9 909 3 776 4 720 1 301 8 952 6 808 0 542
5 916 2 836 8 944 9 682 3 381 7 849 1 388 0 266 4 763 6 430
5 829 7 285 4 899 2 472 6 873 3 712 8 874 9 545 1 38 0 528
5 821 8 756 7 187 0 185 6 485 9 213 3 162 1 741 2 941 4 933
5 62 2 665 7 137 3 539 4 445 1 233 6 829 8 343 9 26 0 580
9 247 7 495 5 274 3 42 2 474 8 412 0 360 6 553 4 295 1 631
6 831 7 543 8 802 9 933 0 292 5 570 2 127 3 466 4 934 1 579
2 184 0 10 4 483 7 130 3 588 5 850 1 808 6 826 9 349 8 844
0 700 3 869 8 69 9 897 5 786 2 618 4 422 1 937 6 433 7 18
4 205 0 567 9 609 1 171 2 98 8 928 6 476 5 708 7 695 3 586
8 583 4 615 5 938 0 112 3 444 2 452 7 217 1 931 9 677 6 178
1 489 2 141 0 479 7 600 3 563 4 303 5 209 8 930 6 452 9 939
4 791 7 719 1 471 5 267 3 63 6 199 2 665 8 160 9 279 0 442
2 208 1 567 9 457 0 428 4 785 5 102 3 149 7 700 6 413 8 812
9 121 4 764 1 311 3 694 8 607 0 931 7 780 6 269 2 531 5 997
4 920 7 77 3 216 0 524 6 193 2 865 1 462 9 16 8 162 5 378
4 962 7 866 8 454 9 247 5 617 2 886 6 239 1 285 0 58 3 806
8 946 1 831 6 128 5 940 9 553 0 802 7 720 2 712 4 653 3 135
8 237 9 671 2 717 3 67 5 950 0 292 1 479 6 900 4 113 7 336
1 746 5 257 8 910 6 942 2 262 4 564 3 443 7 321 9 673 0 172
7 455 4 238 3 566 9 218 1 204 0 198 2 796 8 629 6 966 5 300
5 712 9 409 4 155 8 13 6 264 1 115 2 102 3 109 0 838 7 215
5 140 0 797 7 285 8 378 9 698 6 138 2 962 1 100 4 817 3 562
6 938 5 277 7 16 4 600 9 820 3 984 8 188 0 735 1 139 2 572
1 333 4 818 2 987 0 559 8 440 3 490 7 285 5 438 6 533 9 297
6 176 2 72 4 548 3 363 9 894 8 904 0 961 1 948 7 448 5 521
3 841 6 756 1 647 8 756 0 296 4 759 9 104 5 428 7 265 2 618
0 43 7 723 9 305 6 576 1 33 5 165 4 56 8 826 2 983 3 578
1 925 8 580 4 11 5 906 2 948 9 948 7 602 3 232 0 279 6 6
1 715 3 137 5 711 4 699 9 748 6 798 8 317 7 849 2 127 0 484
4 209 9 211 6 336 2 85 3 654 8 456 1 790 0 312 7 688 5 265
5 3 0 331 3 939 8 268 4 226 1 896 6 705 9 862 2 36 7 638
7 935 5 341 0 999 9 230 3 294 4 140 1 332 6 598 2 321 8 199
3 187 0 315 5 767 9 846 4 917 7 831 2 855 1 183 6 758 8 930
2 315 0 540 8 605 5 404 1 547 4 43 6 561 7 112 9 726 3 460
0 481 8 301 5 383 9 389 4 400 3 94 2 226 7 866 6 868 1 929
0 450 2 280 6 394 7 589 9 616 3 808 8 151 4 476 1 658 5 433
1 573 7 904 4 349 9 254 0 936 6 226 3 392 2 23 8 76 5 885
6 800 5 267 1 421 3 273 4 65 0 26 7 746 2 84 9 240 8 897
4 255 9 403 8 402 6 791 1 582 7 878 2 823 5 212 3 194 0 985
4 369 1 58 2 623 3 126 5 843 6 619 0 913 7 952 9 448 8 713
0 215 4 59 1 466 6 661 8 44 7 175 2 411 5 776 3 2 9 892
7 715 3 165 9 587 6 919 5 438 0 647 8 581 2 674 4 817 1 142
1 897 3 273 8 129 7 565 6 289 5 384 0 664 9 959 2 731 4 35
4 46 2 112 8 143 9 102 3 416 1 384 7 881 0 187 6 999 5 682
4 507 5 265 9 167 1 707 2 914 8 273 6 130 3 477 0 362 7 124
1 977 2 739 7 169 9 625 0 734 3 655 8 110 6 835 4 985 5 567
3 172 1 990 5 981 9 535 7 214 4 458 2 206 0 847 6 57 8 824
9 562 3 893 4 168 2 225 7 609 1 878 5 552 8 838 0 210 6 357
6 353 1 738 9 675 5 894 4 502 3 44 7 724 2 900 8 281 0 601
0 385 4 326 6 998 9 430 2 923 5 529 1 130 8 227 7 146 3 487
2 191 3 82 5 32 1 133 9 431 6 151 0 252 8 546 7 27 4 994
3 706 4 59 7 639 2 511 9 828 6 139 0 659 5 815 8 503 1 760
8 432 6 327 2 29 1 985 3 853 4 182 0 130 5 987 7 686 9 437
3 365 4 939 2 336 6 703 7 477 9 717 0 547 8 831 5 917 1 603
1 380 8 856 2 230 5 778 0 502 6 135 9 711 4 255 7 69 3 702
7 131 5 222 3 615 9 250 4 160 6 898 1 198 8 195 2 15 0 689
1 686 5 180 8 845 9 127 6 272 2 336 0 973 3 515 7 273 4 677
8 487 4 398 2 482 5 589 7 905 9 191 6 28 1 998 0 937 3 364
7 136 5 595 8 740 2 724 9 96 1 348 3 94 0 71 6 685 4 601
2 238 9 582 4 806 6 212 0 677 3 879 5 58 1 723 8 308 7 505
2 923 3 197 9 999 6 486 8 47 1 68 4 689 0 286 7 636 5 840
9 341 0 344 6 719 3 733 7 438 4 452 2 552 8 667 5 108 1 427
6 686 3 139 8 531 7 552 9 435 5 305 0 98 1 640 2 371 4 588
5 141 2 116 3 503 0 155 9 792 7 416 1 656 8 426 4 144 6 355
3 322 6 554 8 919 1 535 5 607 0 78 2 372 7 691 9 412 4 177
4 117 7 155 5 204 8 37 9 650 6 681 2 647 3 599 0 887 1 821
0 447 6 134 3 830 7 88 2 783 8 355 1 294 5 126 4 489 9 650
7 556 1 690 0 482 3 822 9 548 2 595 6 619 5 330 4 228 8 28
7 711 2 292 3 733 8 858 9 588 6 972 5 575 0 190 4 272 1 226
0 1 5 490 6 626 7 670 2 817 1 480 8 161 4 281 9 502 3 862
5 645 7 713 8 679 2 270 4 960 3 201 6 287 1 74 0 464 9 567
8 160 6 13 0 229 7 790 4 449 1 20 9 977 5 636 3 262 2 275
1 217 5 46 9 866 7 108 0 799 3 368 2 932 6 730 8 224 4 417
5 571 6 627 9 705 0 458 2 350 4 860 3 753 7 319 1 413 8 231
4 58 7 94 2 478 8 728 1 10 3 637 9 213 0 813 5 961 6 288
9 923 3 323 7 518 6 559 2 857 1 949 5 290 4 910 0 657 8 608
9 392 8 15 6 937 3 98 7 1000 2 962 4 438 5 744 1 343 0 292
5 257 2 999 0 5 6 885 7 984 1 762 4 162 9 99 3 891 8 554
5 741 2 437 4 281 7 628 3 779 8 674 0 536 1 171 9 753 6 687
8 309 6 895 5 398 1 839 2 477 4 150 0 239 7 356 9 73 3 278
0 216 2 852 3 847 4 420 7 244 9 280 6 67 8 39 5 410 1 630
9 242 7 406 5 148 1 262 0 470 2 472 8 684 4 481 6 27 3 914
7 958 0 349 6 724 4 642 3 820 1 61 9 491 5 939 8 490 2 421
3 396 7 321 8 775 0 620 1 524 4 524 9 396 5 618 2 283 6 154
3 612 2 585 1 299 5 717 0 336 8 536 4 308 9 475 6 662 7 241
5 102 3 396 9 789 6 324 8 74 4 927 7 944 1 189 2 318 0 613
4 813 8 345 0 634 2 191 1 496 7 918 6 299 3 450 5 848 9 792
1 204 0 928 6 278 3 55 7 92 4 843 2 518 8 270 9 297 5 259
2 508 9 23 1 798 4 759 6 372 5 809 8 675 3 600 7 317 0 387
4 426 7 928 5 11 6 659 1 937 3 546 9 191 2 31 0 193 8 995
2 966 6 21 5 706 7 293 0 171 8 302 4 497 1 253 9 17 3 693
8 623 1 955 6 217 0 549 4 103 5 190 9 621 7 896 3 331 2 642
1 799 4 532 6 427 7 73 2 568 0 415 3 780 8 982 5 561 9 820
4 17 6 594 0 391 2 198 5 465 9 861 8 247 7 425 3 44 1 118
2 534 1 656 6 419 7 446 3 483 0 816 4 115 9 686 5 820 8 588
8 966 6 529 9 794 0 714 3 494 7 115 5 466 2 170 1 350 4 785
0 40 7 959 8 376 5 611 4 50 3 974 6 892 2 124 9 54 1 156
4 764 5 482 0 329 2 20 7 33 1 865 9 694 8 693 3 576 6 322
7 623 6 305 2 903 8 888 9 322 3 722 1 775 4 123 0 883 5 96
4 341 1 157 2 50 5 598 0 576 3 50 9 609 6 546 7 41 8 389
9 925 1 538 8 562 0 86 3 374 2 172 7 493 4 352 5 484 6 510
9 626 8 398 2 720 0 461 3 916 5 357 7 148 1 673 4 856 6 204
7 616 2 140 9 419 8 24 0 482 5 451 1 1000 3 180 4 809 6 125
4 243 2 942 0 38 3 617 5 108 9 893 7 480 8 173 6 747 1 774
5 722 1 881 2 580 4 574 7 291 8 97 6 87 3 610 9 818 0 265
1 104 0 626 9 844 2 835 4 870 5 828 8 292 6 332 7 673 3 804
4 253 0 148 9 605 1 937 7 111 3 828 2 142 8 35 5 579 6 330
8 94 7 416 5 765 3 744 2 882 1 215 4 885 9 435 6 38 0 876
1 226 7 655 2 928 3 801 8 668 6 576 4 392 0 565 9 36 5 691
0 474 3 262 6 250 1 723 4 116 7 579 8 419 9 583 2 394 5 108
1 741 0 456 4 340 6 219 8 664 5 865 9 777 2 499 3 906 7 479
4 907 7 934 5 783 1 432 6 878 2 941 0 828 9 776 8 534 3 985
0 46 4 894 5 68 8 983 7 692 9 37 3 732 1 975 2 686 6 910
8 479 5 589 6 40 3 555 7 488 2 800 0 295 1 334 4 508 9 689
8 942 0 288 3 571 2 878 4 653 1 910 9 718 6 43 5 655 7 134
7 340 8 186 5 367 4 799 9 781 2 505 1 814 6 118 0 538 3 386
4 420 7 861 1 438 8 897 9 57 3 838 5 453 2 518 6 974 0 285
7 888 9 842 1 108 6 203 5 690 0 654 8 64 3 999 4 83 2 190
9 802 6 263 3 814 4 757 7 161 2 724 1 608 8 539 0 238 5 219
7 240 0 929 8 705 5 936 6 381 2 988 1 283 9 117 3 785 4 416
9 809 2 73 8 336 7 836 3 473 6 843 1 748 4 203 5 269 0 565
9 609 6 427 3 609 1 190 8 360 7 774 4 106 2 768 0 914 5 726
6 221 2 240 9 866 7 246 8 33 1 851 0 256 5 723 3 859 4 637
6 934 8 209 2 76 5 981 4 48 0 282 1 793 3 357 7 445 9 897
5 230 7 486 0 748 2 5 1 191 9 736 6 981 4 97 8 29 3 814
4 54 2 80 1 866 3 552 7 430 6 525 8 761 9 322 5 114 0 337
0 517 3 818 9 185 8 758 4 852 6 143 7 989 1 576 5 143 2 333
9 449 5 755 4 721 3 788 0 410 7 552 8 409 6 488 2 811 1 9
9 998 4 900 5 145 8 843 0 639 3 920 1 623 6 428 7 196 2 673
8 927 5 282 4 500 3 959 0 6 1 683 7 795 2 402 9 491 6 330
5 456 8 477 7 316 0 783 9 793 1 773 4 580 3 264 6 835 2 115
1 565 3 323 0 714 2 253 8 814 6 782 4 664 7 523 5 369 9 821
0 254 6 684 5 484 1 2 4 749 9 337 7 425 8 3 2 951 3 745
5 196 0 733 9 487 8 500 3 177 2 319 7 490 1 396 4 72 6 73
3 672 1 629 5 286 6 67 4 419 9 460 0 985 8 954 2 707 7 725
8 687 6 669 9 155 0 503 5 484 2 62 4 651 1 259 7 350 3 740
6 755 9 442 8 318 0 492 7 265 4 812 3 134 2 512 5 864 1 460
0 953 5 24 9 437 7 576 6 3 2 285 3 399 1 439 4 351 8 101
2 490 7 652 0 543 6 784 4 927 5 391 3 67 8 577 1 764 9 90
8 321 0 72 9 947 4 632 1 957 7 820 6 802 2 785 5 765 3 158
5 655 2 483 7 508 0 384 4 238 8 651 3 969 6 884 9 232 1 697
0 227 6 738 2 713 7 633 9 355 4 969 1 823 5 934 3 894 8 519
4 154 1 953 2 982 5 812 8 396 3 735 7 68 0 632 6 286 9 312
4 699 1 956 3 500 8 12 7 420 6 726 9 110 0 704 5 346 2 78
9 228 6 102 7 745 3 45 8 886 0 99 2 608 1 494 5 965 4 561
3 64 0 916 2 657 9 165 8 152 6 195 1 232 7 907 5 919 4 747
0 704 5 605 1 709 3 951 7 337 4 267 6 189 8 628 9 178 2 292
4 187 6 333 8 430 5 666 1 134 3 355 2 611 9 923 0 603 7 489
7 967 1 540 8 718 0 517 2 999 3 401 4 565 6 283 5 141 9 960
7 10 3 420 5 669 4 315 8 805 0 811 6 884 9 291 1 180 2 296
3 182 4 738 1 968 7 622 9 282 6 929 0 926 8 767 2 508 5 944
3 582 9 143 7 296 2 204 8 995 6 221 4 990 1 594 0 143 5 862
0 958 3 90 1 723 9 380 7 304 8 359 4 48 5 516 2 992 6 74
7 789 4 613 6 405 2 798 1 301 0 308 9 981 3 671 5 308 8 29
8 15 6 324 3 22 2 764 5 740 0 307 1 324 4 161 7 946 9 451
3 763 5 537 8 887 9 661 4 483 1 233 6 758 0 60 7 986 2 422
9 441 4 827 7 58 2 296 8 620 1 309 6 854 5 613 3 241 0 928
2 404 3 65 0 926 9 211 1 462 7 171 5 327 4 94 6 547 8 547
0 904 8 113 3 798 6 208 7 804 4 93 5 960 2 238 9 891 1 590
0 935 9 732 2 731 8 474 5 897 3 300 4 318 6 251 1 262 7 435
0 180 8 264 7 994 4 416 3 581 5 546 6 908 9 185 2 693 1 74
2 15 7 169 3 332 8 544 1 82 4 567 5 401 9 974 0 773 6 200
4 346 3 251 2 834 1 755 8 251 9 875 6 854 7 973 0 721 5 163
3 435 8 627 7 185 2 419 4 275 0 805 5 921 6 620 1 899 9 683
6 667 8 625 0 930 9 766 1 290 2 427 7 372 5 25 4 306 3 404
0 935 3 817 4 576 8 116 1 225 9 567 5 147 2 386 6 548 7 887
9 70 4 258 3 847 8 921 5 380 0 269 7 835 2 12 1 998 6 438
7 23 6 690 5 835 0 489 1 424 3 591 2 269 9 78 8 40 4 675
8 636 5 27 9 161 2 847 6 65 1 696 4 167 0 52 3 985 7 211
2 495 9 751 5 652 4 363 8 48 1 192 3 841 6 570 7 893 0 186
1 712 9 956 4 283 8 109 0 979 5 268 2 245 7 199 6 186 3 214
8 682 4 793 2 746 0 591 5 152 1 709 6 505 9 8 7 391 3 646
2 992 9 386 8 756 7 832 5 149 1 211 4 984 3 846 0 812 6 606
0 997 1 106 8 834 5 105 7 613 4 766 9 710 2 576 3 814 6 890
5 164 1 751 6 782 2 23 4 895 0 844 9 94 8 216 3 467 7 99
3 806 1 976 2 92 4 667 7 510 6 110 8 318 9 189 0 948 5 773
0 802 1 973 9 983 6 632 5 129 4 178 2 647 7 507 3 992 8 543
7 838 8 804 9 768 6 740 5 991 2 808 0 761 3 310 4 602 1 859
2 323 3 899 9 473 6 391 1 937 8 994 7 570 4 701 0 114 5 342
3 753 9 490 6 493 0 28 2 40 5 304 4 944 1 234 7 182 8 910
3 741 2 215 6 650 1 594 4 210 5 985 8 243 9 506 7 28 0 458
0 350 8 274 9 775 6 764 7 282 1 87 3 20 4 747 2 707 5 842
1 431 5 818 0 297 9 904 2 243 4 597 6 796 3 703 7 309 8 557
7 766 8 635 6 714 0 363 2 973 1 935 4 526 5 332 9 756 3 983
6 714 1 986 9 670 3 857 2 865 0 195 4 814 5 716 7 431 8 98
0 29 7 720 2 62 3 156 6 649 9 741 1 575 4 877 5 342 8 904
6 850 0 41 2 747 3 160 8 489 9 534 1 372 7 207 5 319 4 798
3 416 2 68 7 824 1 803 0 326 6 669 9 957 8 915 4 841 5 465
1 760 9 691 5 117 8 403 0 438 4 856 2 940 6 763 7 21 3 240
3 98 1 47 8 755 7 487 9 105 6 135 4 728 5 822 2 410 0 294
0 826 5 462 9 337 3 260 1 659 2 994 4 355 8 968 7 849 6 801
0 7 3 747 7 226 8 475 9 150 2 504 4 129 6 67 1 1000 5 7
7 17 1 707 9 317 8 57 4 373 3 662 5 780 6 437 0 58 2 862
4 435 8 273 6 490 9 813 5 452 3 813 2 574 0 249 7 793 1 857
2 599 7 985 3 564 9 414 8 361 6 860 0 205 4 106 5 588 1 329
8 928 1 885 4 976 7 608 2 498 9 193 0 148 6 327 3 336 5 134
5 531 1 961 4 316 0 331 6 860 9 754 2 157 7 777 8 701 3 461
4 2 3 249 9 387 5 158 0 931 7 638 1 169 6 683 2 301 8 725
0 778 5 605 4 815 7 337 1 876 9 397 3 77 2 851 6 491 8 89
8 993 3 198 1 175 4 349 9 968 7 872 2 868 6 894 5 752 0 141
8 692 6 315 7 300 2 790 1 443 4 348 9 554 3 263 0 238 5 84
9 690 2 885 5 272 8 499 6 819 4 334 7 387 3 996 0 859 1 267
0 936 9 686 6 346 4 192 5 299 7 549 1 612 2 965 3 445 8 128
6 649 0 213 4 143 2 37 3 235 1 155 5 105 9 897 7 636 8 820
2 740 6 60 8 65 0 967 3 242 9 928 4 614 1 969 5 744 7 706
7 479 0 766 5 740 6 330 4 753 8 594 2 593 9 45 3 691 1 509
9 989 1 634 7 836 8 332 5 211 6 377 3 754 4 108 0 441 2 494
5 580 7 74 0 864 6 765 1 117 3 374 4 211 2 328 9 966 8 766
7 159 6 188 8 854 4 671 5 966 1 850 3 400 2 438 9 103 0 905
5 409 6 100 0 677 7 504 8 941 2 776 9 202 3 457 1 973 4 782
9 521 6 945 5 551 7 229 1 485 3 789 0 443 4 382 8 168 2 502
2 509 3 225 9 804 1 517 5 307 6 170 4 648 7 817 8 988 0 8
1 528 9 341 7 635 3 726 2 12 0 863 6 368 8 803 4 714 5 915
1 1 7 708 5 474 9 878 2 90 3 497 6 903 8 398 0 614 4 196
9 29 4 119 3 112 1 477 7 155 0 208 6 555 5 675 2 199 8 540
2 914 7 94 6 800 8 101 1 124 9 288 5 20 3 955 4 216 0 674
5 390 7 433 3 545 4 890 9 755 1 416 0 847 8 849 6 722 2 829
2 890 3 851 9 54 0 438 8 155 5 528 6 561 1 555 7 792 4 895
7 262 2 95 6 188 4 338 9 235 8 573 0 945 3 525 5 385 1 967
2 443 8 328 9 466 7 393 6 930 4 812 0 870 5 268 1 379 3 834
8 74 4 15 1 44 3 751 0 966 7 152 9 34 2 68 5 448 6 152
6 105 9 457 3 978 7 109 4 439 2 569 8 125 0 481 5 149 1 953
4 785 3 583 6 987 1 979 2 810 9 861 5 415 8 487 0 328 7 477
9 818 6 704 3 987 8 350 4 343 7 220 5 897 2 344 0 9 1 470
7 718 6 221 9 623 8 726 3 111 4 346 2 423 1 55 5 387 0 293
9 125 8 505 0 662 6 864 1 845 2 13 7 523 4 571 5 885 3 958
6 709 5 480 2 728 9 423 0 874 3 608 8 72 7 447 4 869 1 155
2 19 3 889 6 294 4 821 8 249 9 40 5 752 1 579 7 23 0 736
3 55 1 925 6 491 5 288 8 988 4 262 0 221 2 867 7 903 9 774
2 230 0 917 9 280 4 473 5 360 8 579 6 738 1 480 3 26 7 755
5 572 2 493 0 862 4 715 9 620 1 971 6 640 3 685 8 906 7 372
8 173 9 960 1 303 3 397 7 254 4 402 6 633 0 556 5 456 2 393
3 220 9 378 2 233 4 297 1 758 5 842 8 392 7 583 6 446 0 561
8 545 2 308 4 730 5 816 6 741 9 478 0 149 7 557 1 658 3 688
8 873 7 912 9 908 6 26 1 78 4 841 3 567 5 707 0 711 2 983
5 792 6 66 8 29 0 722 3 79 4 565 9 666 1 618 2 947 7 480
3 908 0 729 5 114 7 679 2 301 1 195 4 403 6 239 9 771 8 134
6 18 0 998 7 216 8 828 5 527 4 123 9 24 1 165 2 524 3 760
9 674 0 226 5 625 8 228 7 926 1 932 3 254 4 701 2 249 6 811
1 268 8 762 9 184 3 602 2 848 5 383 7 671 0 672 4 853 6 362
5 708 3 522 1 101 6 82 2 604 4 571 7 412 9 239 8 729 0 309
3 961 6 460 1 720 8 9 4 833 5 865 2 979 9 611 0 898 7 173
5 39 3 889 8 217 9 537 7 740 2 106 0 608 6 504 4 92 1 147
6 448 2 946 3 338 7 61 1 790 5 664 4 513 0 730 9 885 8 465
9 606 0 918 5 873 4 643 3 651 2 906 7 227 8 430 6 648 1 299
5 294 9 242 8 456 1 849 6 116 0 72 2 885 4 300 3 349 7 118
9 481 7 497 3 342 4 244 5 267 6 946 2 946 0 532 1 986 8 668
7 272 2 519 4 337 0 194 9 152 1 609 6 119 3 519 5 611 8 790
4 34 6 144 7 366 2 727 9 471 0 655 8 778 1 397 5 568 3 772
0 876 3 862 7 914 5 574 1 268 9 548 2 906 8 767 6 556 4 835
3 612 7 222 1 927 8 763 6 664 2 582 5 339 4 75 9 137 0 516
4 92 6 735 2 963 7 630 8 471 1 880 9 473 3 982 5 935 0 146
8 424 2 598 1 520 4 651 6 139 5 21 9 590 3 766 0 179 7 583
3 40 9 983 0 315 5 595 2 183 4 930 6 734 7 870 8 693 1 524
6 741 5 870 4 404 1 387 9 761 7 649 8 436 0 242 3 265 2 979
3 327 4 484 0 769 8 269 6 293 7 193 5 431 2 803 1 648 9 950
7 803 9 614 8 123 4 567 0 490 5 904 6 140 1 568 2 551 3 527
5 578 4 337 2 799 1 296 6 533 8 695 0 447 3 501 9 249 7 951
7 84 5 737 6 70 8 902 0 23 9 727 4 672 2 4 3 875 1 547
6 13 0 919 3 980 7 248 5 504 9 404 2 886 1 809 4 314 8 16
6 527 7 107 9 815 5 740 3 210 4 311 1 252 0 719 2 729 8 238
4 643 9 173 7 46 5 428 1 272 3 926 0 78 8 359 6 668 2 809
4 467 8 529 3 331 0 951 7 972 5 121 1 396 2 372 9 307 6 73
6 372 4 575 9 74 2 896 5 48 8 523 0 491 3 670 1 69 7 991
7 371 1 528 0 381 5 144 9 963 2 634 8 817 3 638 4 859 6 977
9 605 4 907 6 866 2 83 1 901 8 392 5 486 3 573 0 26 7 258
4 708 7 524 3 840 0 441 9 933 6 264 2 431 5 458 8 974 1 594
2 316 1 82 5 298 3 807 9 980 0 330 7 998 6 260 4 621 8 691
7 64 5 185 2 408 9 111 6 213 8 570 3 662 1 158 0 886 4 768
3 894 0 794 5 990 4 927 2 833 8 426 7 203 9 968 1 338 6 19
6 814 9 263 5 365 7 485 3 776 2 767 8 299 0 809 4 411 1 897
9 239 4 561 7 811 6 131 2 649 8 111 3 479 5 437 0 868 1 343
4 984 2 839 3 237 8 129 0 308 9 678 7 170 5 430 6 575 1 109
6 917 2 988 9 136 0 448 1 36 8 868 3 451 5 76 4 215 7 457
7 832 2 698 4 245 1 691 5 511 3 763 0 770 9 713 8 757 6 709
0 505 9 517 3 480 6 340 5 762 8 194 4 492 1 932 2 409 7 952
3 791 8 378 7 835 6 584 5 927 1 474 0 725 4 67 2 934 9 674
2 235 3 356 8 95 1 766 0 713 7 998 5 184 9 5 4 649 6 736
2 27 1 633 8 818 6 38 9 155 4 548 5 130 0 257 7 624 3 149
6 600 7 286 4 198 8 82 0 880 1 835 2 664 5 608 9 428 3 565
4 5 0 61 1 291 3 376 7 204 5 647 9 832 2 390 8 122 6 437
1 794 9 249 4 989 3 459 5 355 6 747 0 299 2 251 7 112 8 386
2 492 9 254 0 844 6 42 1 633 8 587 3 281 4 242 5 743 7 78
5 372 2 528 0 132 1 866 3 788 8 848 6 141 9 793 4 863 7 815
2 337 1 7 7 192 8 767 3 302 5 71 0 632 6 387 9 198 4 381
1 496 4 802 3 37 5 195 9 529 8 952 2 882 6 343 0 881 7 856
7 696 8 225 5 419 1 94 4 727 6 643 0 585 2 640 3 452 9 385
3 624 9 325 5 490 1 839 6 79 0 374 7 835 8 546 4 437 2 641
1 607 6 311 5 911 3 956 2 479 0 543 8 643 4 766 9 359 7 932
3 205 1 657 0 510 5 629 7 307 8 932 2 187 6 957 4 110 9 109
1 214 5 162 7 280 9 499 8 879 2 666 3 596 4 866 6 855 0 471
5 710 9 56 6 522 4 707 7 744 2 92 8 38 0 551 3 126 1 6
0 930 1 157 6 968 9 865 3 622 4 21 7 913 2 869 8 667 5 804
8 720 4 906 0 182 6 865 5 651 3 703 2 806 9 170 7 954 1 575
4 639 7 443 0 343 6 29 8 3 2 630 9 800 5 127 1 685 3 894
3 718 9 829 0 145 8 277 6 366 5 85 1 827 2 174 4 762 7 319
4 938 5 853 8 763 7 259 2 737 3 34 1 284 9 51 6 178 0 900
0 70 7 50 6 839 5 914 4 612 3 236 9 639 8 189 2 642 1 63
8 137 2 985 3 775 1 799 9 967 7 114 5 220 0 328 6 514 4 867
3 304 4 428 2 390 5 434 6 593 0 460 1 538 8 584 9 889 7 43
3 711 6 684 8 371 9 470 1 987 4 679 0 304 7 960 2 8 5 210
0 803 8 138 1 933 3 859 9 413 4 408 7 905 6 935 2 653 5 278
1 111 2 889 7 992 4 841 9 939 8 353 3 73 5 938 0 679 6 520
6 173 7 133 4 674 5 375 1 589 0 976 8 278 2 903 3 241 9 927
5 788 6 642 3 662 0 740 9 350 1 281 2 323 8 515 7 649 4 456
8 870 2 788 4 93 3 116 7 414 0 666 5 547 6 36 9 180 1 312
0 322 4 589 5 971 6 139 8 645 2 743 1 193 7 435 9 844 3 245
3 897 1 435 0 262 5 674 4 375 8 407 9 752 2 183 6 327 7 125
9 517 7 441 5 706 8 317 0 729 6 919 2 94 1 458 3 419 4 321
0 408 9 962 2 711 7 907 4 801 8 602 1 862 5 705 6 522 3 899
9 787 2 877 7 13 3 833 1 10 4 116 6 362 5 849 8 886 0 911
4 187 9 546 3 583 8 950 0 853 2 85 5 975 7 302 1 483 6 527
2 928 3 410 6 272 5 301 0 668 7 343 4 217 8 390 1 999 9 586
6 325 7 372 1 269 2 381 4 954 8 108 9 172 3 918 0 125 5 966
3 750 1 280 9 869 0 126 8 85 2 594 5 988 6 632 4 994 7 830
6 379 8 83 2 565 1 525 0 9 9 484 5 579 3 869 7 600 4 483
4 542 6 876 5 869 0 970 7 855 1 806 3 458 2 466 8 480 9 51
1 393 7 368 2 913 4 844 9 591 0 725 3 162 6 443 8 626 5 203
8 56 2 762 1 233 6 123 5 797 9 780 0 166 4 11 7 752 3 152
3 578 8 180 9 54 1 389 6 174 7 522 5 668 4 159 2 386 0 557
0 51 1 542 9 908 6 149 7 254 4 855 5 550 8 466 3 458 2 876
8 884 5 665 9 474 1 39 3 720 0 802 4 247 2 461 6 900 7 414
6 912 4 749 0 100 8 559 9 572 3 327 5 581 1 727 7 441 2 281
5 910 7 218 8 519 3 813 0 105 4 16 9 663 6 446 2 734 1 818
8 417 5 385 7 77 0 366 9 399 1 993 3 429 6 950 2 244 4 2
5 574 7 650 0 591 2 199 9 31 6 630 8 658 4 624 3 845 1 702
6 386 1 387 4 162 7 101 9 530 8 210 5 909 0 269 2 400 3 613
3 771 7 417 8 548 4 198 5 649 9 415 0 753 1 683 6 341 2 609
8 473 1 129 7 137 0 762 6 481 4 355 2 706 5 582 9 230 3 546
9 219 5 378 2 546 6 470 0 641 8 698 1 103 7 219 3 83 4 737
4 671 6 711 0 561 1 995 9 622 7 679 3 517 8 119 2 36 5 906
5 74 9 128 8 867 3 221 1 727 2 602 4 569 6 797 0 752 7 314
3 634 0 51 7 594 9 695 1 790 8 425 5 417 4 540 6 170 2 851
9 208 0 663 6 358 5 233 2 531 8 979 3 82 7 497 4 628 1 626
2 974 9 161 5 689 8 687 3 4 0 498 4 191 7 879 6 292 1 720
3 109 8 687 5 556 0 925 7 95 2 945 1 874 6 94 9 676 4 216
8 288 3 486 7 287 4 499 1 170 2 446 5 511 9 735 6 262 0 734
7 531 8 484 1 385 3 660 4 494 2 849 0 66 9 603 6 282 5 316
1 469 7 896 2 740 3 82 0 935 8 678 6 732 4 556 9 681 5 913
3 608 1 266 0 811 8 7 7 500 9 650 2 998 4 667 6 392 5 713
6 693 4 715 5 381 9 402 8 777 0 1 7 109 3 724 2 512 1 822
1 430 4 973 9 554 0 66 8 179 6 133 3 191 2 641 7 104 5 733
4 816 8 959 0 95 9 654 1 952 3 388 5 940 7 118 2 39 6 859
6 649 2 470 1 228 3 12 9 31 0 927 7 163 5 337 4 298 8 738
0 202 2 766 8 783 1 438 4 420 6 273 3 708 7 188 9 929 5 97
1 556 3 535 8 499 7 764 5 39 2 416 0 596 6 808 4 378 9 109
3 777 9 290 2 415 6 73 4 549 5 869 8 76 0 679 7 315 1 467
9 184 3 24 2 189 5 455 8 272 1 532 6 306 0 690 4 845 7 829
9 887 8 220 7 342 1 759 0 461 4 651 5 786 3 827 6 50 2 335
0 666 6 179 2 79 3 982 8 999 7 784 1 606 9 979 4 280 5 687
0 989 8 408 6 701 5 770 2 355 7 629 4 797 9 234 3 806 1 809
9 640 3 458 7 727 4 917 2 594 1 607 0 963 8 600 6 541 5 452
4 854 5 85 2 929 7 98 0 694 6 617 3 251 8 421 9 673 1 800
7 496 0 257 5 308 3 247 6 180 1 883 8 674 2 692 9 891 4 364
2 557 0 105 3 282 4 608 5 116 9 952 1 875 6 277 8 344 7 648
5 700 6 63 8 172 9 998 0 147 7 568 2 785 3 135 4 496 1 765
1 340 0 289 5 831 4 915 7 877 3 474 9 656 8 864 6 717 2 536
3 501 4 839 5 34 0 143 8 95 9 483 2 889 7 217 1 837 6 516
1 106 8 743 9 883 2 496 5 945 7 278 0 547 3 768 6 646 4 85
6 250 1 179 3 234 7 170 9 849 2 153 5 644 8 589 0 670 4 989
3 79 1 349 9 495 8 438 0 386 6 854 7 203 2 287 5 165 4 35
6 413 0 97 9 874 5 136 2 653 1 210 8 623 3 265 4 669 7 391
6 151 0 766 8 149 5 677 3 855 7 320 9 19 2 429 4 604 1 557
6 595 2 574 9 711 3 767 4 342 5 797 8 625 1 482 0 2 7 959
1 337 2 860 5 926 9 431 3 87 0 120 4 864 6 842 7 316 8 971
9 589 7 752 2 856 5 487 3 669 8 965 6 856 0 693 4 304 1 749
7 906 9 461 6 753 8 623 1 854 0 786 5 213 2 800 4 667 3 721
2 816 8 344 3 570 5 55 9 909 6 930 0 723 4 298 1 999 7 980
9 811 2 992 1 832 4 623 0 615 5 796 6 461 3 304 7 887 8 311
7 781 0 781 1 329 2 426 4 845 3 259 5 785 6 482 8 505 9 252
7 507 0 84 1 784 2 62 6 525 9 72 8 556 5 566 4 699 3 963
3 957 8 708 0 824 2 676 4 778 7 552 1 757 6 936 5 723 9 330
3 378 2 840 0 325 8 735 1 743 7 624 4 443 9 767 5 981 6 899
1 893 9 300 3 877 7 18 6 752 8 869 2 629 4 11 5 114 0 824
1 963 0 654 7 192 8 78 6 903 3 483 2 702 5 847 9 281 4 927
6 529 3 983 4 284 7 886 0 861 5 777 8 246 9 10 2 735 1 543
9 132 5 873 1 342 4 604 3 167 2 941 8 626 7 256 0 533 6 276
4 81 1 611 9 950 2 712 6 578 5 165 8 20 7 545 0 440 3 161
7 597 4 870 8 557 9 418 2 233 1 467 6 328 3 318 0 682 5 148
0 876 3 951 8 612 9 488 7 111 1 272 2 411 4 729 6 796 5 413
0 115 8 615 5 405 6 99 2 337 3 476 7 400 4 182 9 580 1 418
6 148 1 681 0 102 5 873 9 177 2 768 7 717 4 669 8 914 3 786
9 264 7 539 0 944 8 611 4 64 2 172 5 12 1 469 6 182 3 731
5 424 0 254 8 715 7 200 3 850 9 876 1 559 4 127 2 494 6 285
5 241 9 275 7 855 2 516 0 496 1 147 3 770 8 365 4 844 6 830
5 600 6 42 4 564 3 19 2 718 8 478 7 445 9 666 0 850 1 438
3 915 6 918 5 635 4 816 2 215 7 499 0 701 1 195 8 277 9 708
7 840 6 438 9 977 4 454 0 477 3 93 5 622 8 137 1 229 2 757
0 546 2 980 8 189 4 377 9 489 7 791 1 137 3 5 5 317 6 332
8 388 2 327 9 951 7 631 0 281 5 886 6 309 1 837 4 234 3 603
7 607 5 664 6 682 4 676 1 127 8 696 9 793 2 103 0 117 3 166
9 268 1 948 7 124 4 90 2 374 8 235 0 941 3 236 5 647 6 92
2 525 7 991 3 982 5 413 6 310 4 345 8 414 1 478 0 63 9 336
5 875 3 192 8 593 0 95 6 264 2 964 1 559 9 29 4 887 7 57
5 576 0 359 3 580 1 21 8 765 4 515 9 398 6 388 7 841 2 757
2 322 3 879 0 842 7 855 9 981 5 491 6 235 4 793 8 230 1 946
8 915 2 17 5 191 1 175 4 502 6 820 9 798 3 859 0 773 7 802
4 436 9 428 3 364 5 487 0 608 8 805 1 289 6 205 2 569 7 833
3 924 0 239 4 183 2 329 9 215 6 465 1 773 8 837 7 67 5 755
4 661 8 7 1 260 6 868 9 495 3 779 7 362 5 979 2 472 0 874
0 534 7 145 6 331 3 478 9 869 8 35 5 238 4 400 2 332 1 331
4 388 0 917 5 944 2 413 8 826 7 431 1 936 3 951 6 264 9 336
7 826 9 738 3 551 4 585 6 934 5 662 8 705 0 8 1 211 2 329
7 969 0 88 2 132 6 215 4 928 8 850 3 527 1 542 5 33 9 506
9 290 3 913 6 450 0 468 4 410 2 724 1 999 5 765 7 1 8 135
8 533 2 710 6 347 1 259 5 71 7 723 9 181 4 209 0 705 3 242
0 451 5 370 1 215 8 311 2 309 4 641 7 744 6 245 3 997 9 277
3 221 8 262 2 351 7 50 1 968 6 43 0 925 9 455 5 18 4 983
7 502 9 299 0 661 6 741 5 907 1 841 2 427 3 923 4 566 8 714
6 649 0 238 3 55 5 985 8 684 9 92 1 452 4 41 2 182 7 929
7 332 9 963 4 285 6 649 0 104 5 796 8 489 2 765 1 214 3 651
4 735 9 192 6 396 3 265 5 358 7 881 8 805 2 208 0 501 1 131
0 667 3 398 1 552 7 319 9 282 6 451 2 237 4 939 8 973 5 389
7 191 2 564 0 847 1 357 5 710 8 879 3 823 6 802 9 513 4 398
5 889 6 356 2 570 7 126 1 469 3 267 4 860 9 796 0 495 8 366
4 979 5 328 0 722 6 975 7 983 8 729 1 353 9 659 2 815 3 776
1 684 2 807 8 358 6 977 0 83 9 526 7 165 5 108 3 634 4 384
3 493 7 250 6 65 2 293 5 910 4 987 1 927 0 711 9 497 8 372
2 259 0 756 5 279 9 597 8 806 3 818 4 876 7 9 6 768 1 470
3 764 2 455 9 277 4 917 8 752 6 141 7 300 0 107 5 948 1 604
4 996 3 826 6 728 7 718 0 75 8 866 2 297 5 492 1 821 9 855
4 332 9 524 3 85 2 720 1 502 6 200 0 851 7 212 8 35 5 346
2 98 3 351 4 977 5 427 7 397 1 490 0 384 9 395 6 893 8 600
4 528 8 10 5 529 0 452 9 351 3 69 2 507 7 600 6 381 1 756
6 155 4 729 2 318 3 345 7 202 8 382 5 132 1 891 0 205 9 287
0 630 6 896 5 612 7 835 3 954 9 249 1 350 8 721 2 306 4 743
6 91 3 768 4 397 9 475 1 54 7 178 2 909 0 587 5 860 8 547
1 840 2 561 9 485 3 143 8 949 0 949 7 102 5 314 4 269 6 723
6 729 9 409 4 988 5 431 8 482 7 981 1 378 0 301 2 526 3 984
6 907 3 581 5 530 8 672 0 903 1 987 2 613 9 592 4 630 7 533
0 123 9 838 1 132 6 645 3 840 7 767 8 557 5 190 4 765 2 150
6 157 5 500 9 193 8 292 7 534 3 196 4 767 0 770 1 271 2 450
2 152 1 194 7 190 9 498 5 461 8 971 0 162 4 518 3 828 6 106
9 639 1 814 2 260 3 501 4 790 6 13 8 190 5 4 7 144 0 1000
8 186 6 689 4 296 9 122 2 403 5 814 3 690 1 906 7 688 0 909
3 708 1 710 4 704 6 250 5 511 7 505 0 177 2 213 9 834 8 503
7 470 1 340 5 851 6 954 3 322 9 126 8 738 2 805 4 133 0 337
8 997 1 77 3 50 4 709 2 34 9 584 6 970 5 258 0 572 7 197
5 913 8 995 0 708 7 411 3 602 2 390 1 803 9 694 4 378 6 171
5 90 0 820 1 718 3 282 6 879 9 293 8 882 4 730 7 492 2 417
5 584 1 724 0 53 3 211 2 761 6 150 7 670 9 995 8 514 4 603
5 151 4 218 9 245 8 663 7 749 6 614 1 723 2 17 3 326 0 789
9 516 8 737 0 504 4 871 2 699 6 921 7 558 1 964 5 624 3 895
3 448 5 356 9 275 1 504 4 358 8 757 6 506 2 961 7 522 0 471
9 631 5 255 8 767 6 76 4 681 1 94 7 737 0 571 3 325 2 263
3 554 5 195 2 602 1 698 6 902 4 468 8 582 9 59 0 780 7 970
9 959 0 337 7 994 4 587 6 562 2 953 3 388 1 640 5 442 8 185
1 144 2 696 9 413 3 457 5 281 6 967 7 345 8 284 4 557 0 293
7 910 9 43 3 61 4 403 2 656 0 187 1 666 8 993 6 436 5 549
2 414 8 579 4 620 3 203 5 766 9 258 0 849 7 819 6 42 1 102
9 852 2 596 1 37 5 841 8 793 3 796 4 208 7 623 0 16 6 132
7 950 4 122 0 545 2 307 9 771 1 713 6 603 5 7 8 230 3 288
4 826 9 819 5 360 0 468 1 291 3 706 8 671 6 269 7 861 2 738
3 164 9 797 6 837 8 747 7 934 2 79 0 253 4 102 5 624 1 33
5 371 8 763 3 438 7 228 2 306 4 298 6 263 9 330 0 991 1 115
5 439 6 23 2 26 0 1 4 156 9 991 8 199 1 770 7 411 3 983
1 472 6 634 0 191 4 976 9 569 7 284 2 85 5 935 8 847 3 74
0 110 5 184 9 926 7 140 2 594 4 696 3 301 1 732 6 637 8 401
9 48 7 610 5 105 2 8 0 770 3 60 6 24 1 634 4 637 8 885
2 60 0 965 3 912 6 998 9 750 7 444 8 75 1 315 5 783 4 226
5 690 3 660 0 109 6 24 4 988 8 619 2 54 1 425 7 807 9 101
9 58 8 970 2 249 4 953 1 952 6 871 3 717 5 38 7 456 0 161
0 625 2 410 3 672 7 564 4 760 9 212 1 669 5 892 8 353 6 387
1 712 3 671 5 650 2 816 0 442 4 853 6 610 9 205 7 981 8 205
2 578 9 705 6 873 3 58 8 831 5 860 0 936 7 930 1 216 4 677
0 183 5 534 9 134 2 291 3 305 8 685 7 612 4 743 1 65 6 236
2 484 0 297 8 348 7 256 6 740 3 714 9 64 4 580 1 899 5 278
6 173 0 126 7 332 8 828 2 935 5 43 1 982 3 310 4 837 9 339
4 213 2 259 6 457 9 79 3 177 1 956 8 892 7 143 5 544 0 572
4 597 7 872 6 75 8 624 0 302 3 331 9 66 2 165 5 332 1 648
4 741 3 193 1 201 6 1 8 696 9 570 2 143 7 787 5 737 0 643
1 578 8 463 4 681 0 701 6 299 5 576 2 973 9 914 3 53 7 708
5 649 8 365 3 102 9 453 6 944 4 565 0 732 2 818 7 10 1 479
6 385 2 646 0 113 4 299 9 12 3 474 8 738 1 471 7 725 5 870
8 389 4 768 7 229 1 802 5 785 6 944 2 760 3 891 0 168 9 809
4 704 6 90 3 369 0 767 8 95 5 174 2 768 9 251 1 617 7 145
0 718 1 603 9 811 2 120 4 118 8 655 6 460 5 244 3 206 7 919
8 966 9 326 2 710 3 697 0 617 4 320 1 504 7 230 6 509 5 438
8 235 0 204 1 841 5 154 7 446 4 86 2 653 9 175 3 982 6 791
5 992 0 542 2 140 9 53 6 487 8 892 7 118 3 42 4 99 1 933
5 48 2 927 4 797 3 393 6 927 9 657 0 89 7 924 8 410 1 325
3 724 1 628 9 349 8 975 4 228 5 483 0 475 6 502 7 403 2 269
6 407 0 964 5 110 9 507 2 415 7 649 4 696 8 53 3 70 1 671
5 750 6 943 7 757 0 521 1 599 3 690 4 629 9 476 8 370 2 923
4 843 6 983 2 316 7 801 3 800 8 391 1 924 9 520 5 316 0 619
