1000 10
2 665 4 215 7 189 8 338 1 457 0 623 5 135 3 26 9 310 6 473
1 981 9 363 7 705 2 198 4 554 8 529 0 304 3 792 5 721 6 804
0 871 6 759 5 958 1 32 7 148 2 862 9 118 8 719 3 211 4 681
7 994 6 293 1 104 9 93 3 885 0 575 4 163 5 964 8 767 2 24
0 612 4 388 3 99 8 194 9 184 5 331 1 547 7 118 6 117 2 522
0 851 9 208 3 215 6 2 5 299 7 737 8 53 2 551 1 893 4 362
4 501 6 824 7 135 5 491 2 964 3 23 1 51 8 469 0 250 9 491
5 625 4 562 8 858 0 392 9 950 1 335 6 783 2 720 3 733 7 66
0 729 6 392 3 84 8 998 2 295 7 857 4 26 5 136 9 103 1 770
8 669 7 742 0 913 2 799 9 528 6 875 3 73 1 903 5 345 4 921
4 195 8 103 1 872 9 299 3 825 0 855 6 419 2 486 7 864 5 414
0 574 7 12 2 937 9 232 8 816 5 228 1 867 3 328 4 266 6 761
0 933 7 386 8 504 5 141 3 305 2 994 9 817 1 146 6 773 4 715
1 772 6 494 9 27 4 413 0 520 7 640 5 855 2 22 3 654 8 963
8 9 5 179 6 938 1 174 0 856 4 172 3 11 7 701 2 831 9 658
6 980 4 920 5 284 8 277 0 259 7 613 9 435 2 510 3 935 1 204
5 681 3 429 7 247 0 96 8 628 4 520 6 782 9 381 1 344 2 185
5 426 3 154 6 852 7 715 9 35 2 461 8 323 1 129 4 217 0 309
9 215 7 667 5 142 0 88 2 32 1 894 4 906 6 609 8 841 3 822
8 413 0 813 2 668 1 802 7 296 9 83 4 972 3 372 6 157 5 534
4 175 2 444 3 20 8 792 9 719 7 209 6 623 5 564 1 518 0 891
3 565 6 832 9 39 1 231 5 603 0 797 8 12 4 424 2 265 7 301
6 145 9 151 7 96 8 112 3 343 2 110 1 921 4 147 5 901 0 54
7 601 8 502 4 449 1 675 2 640 9 343 0 740 6 225 3 89 5 688
7 452 2 486 9 692 3 122 4 603 5 844 1 439 6 269 0 868 8 624
5 539 2 845 0 94 9 316 8 891 3 82 6 705 1 821 4 31 7 20
6 549 8 842 5 150 9 265 7 553 0 378 3 514 2 869 4 993 1 384
6 565 7 917 2 146 1 30 0 402 9 920 3 7 4 315 5 886 8 130
0 45 1 483 8 870 2 814 7 427 9 353 6 218 3 911 5 243 4 859
4 742 6 387 2 542 8 650 1 921 9 861 3 180 5 325 7 590 0 517
4 545 2 321 6 816 5 566 9 371 7 503 1 251 3 828 8 39 0 138
3 805 9 344 6 43 8 131 2 964 5 570 4 550 0 211 7 329 1 554
6 372 9 452 8 457 3 906 2 606 4 716 5 845 0 924 7 166 1 367
3 39 4 723 8 40 2 33 7 205 0 936 6 211 9 133 5 930 1 444
1 591 3 412 5 87 6 61 4 705 0 661 2 353 9 335 7 202 8 317
0 196 9 552 4 446 7 868 6 494 3 23 1 783 8 980 5 206 2 938
0 906 9 62 7 410 3 291 1 841 6 963 2 200 5 119 8 303 4 579
5 701 9 587 1 667 7 486 6 481 2 723 4 996 3 61 0 363 8 208
7 291 3 524 8 512 4 36 1 213 2 846 0 55 6 661 9 983 5 389
1 320 7 493 3 836 5 508 4 827 9 586 8 250 2 659 0 198 6 486
8 355 3 431 5 142 4 685 7 695 1 627 9 229 6 862 2 455 0 591
8 292 1 569 3 596 6 755 5 664 0 995 2 862 9 456 7 49 4 409
5 625 4 387 2 368 7 182 1 265 3 935 9 950 0 362 8 390 6 990
1 65 7 122 0 178 8 683 3 713 5 854 6 784 2 887 4 257 9 44
8 567 2 927 6 850 4 862 0 411 5 366 7 9 1 785 3 493 9 460
0 440 7 53 1 200 2 323 3 665 8 284 4 196 6 161 5 815 9 249
2 817 4 871 8 991 3 823 0 1 1 125 6 652 5 891 9 688 7 407
2 281 1 839 8 383 0 208 9 374 3 459 6 403 7 930 4 877 5 434
7 781 2 647 8 15 4 142 6 866 0 448 9 440 5 665 3 155 1 271
2 897 0 218 9 799 7 442 1 532 3 968 6 51 5 687 4 193 8 366
1 780 8 22 2 111 7 715 6 60 3 504 9 439 0 669 5 232 4 434
1 642 2 361 8 882 0 670 5 115 6 193 7 130 3 486 9 399 4 114
5 479 2 685 1 705 7 409 6 612 9 980 4 258 3 738 0 69 8 126
8 598 1 61 7 560 0 145 5 537 2 845 3 777 4 10 9 592 6 358
9 926 8 75 2 292 7 779 5 65 6 307 4 592 0 441 3 812 1 738
3 156 5 779 2 790 6 695 1 299 8 298 9 859 7 33 0 71 4 257
1 979 8 22 4 221 9 315 2 281 0 299 6 394 3 177 5 443 7 833
2 940 7 540 3 361 6 944 0 285 5 803 8 526 1 427 9 730 4 74
9 916 7 807 6 979 5 391 4 628 8 793 0 171 2 810 1 218 3 459
2 294 4 432 6 303 5 811 7 258 1 828 8 761 0 745 9 918 3 131
6 373 9 514 1 768 5 162 8 853 4 366 3 163 7 766 0 860 2 834
1 637 6 768 3 717 4 218 5 214 0 419 7 36 8 999 9 572 2 475
6 92 4 937 3 900 7 428 5 40 2 489 8 131 9 156 1 669 0 590
8 938 5 206 9 644 2 610 7 992 3 44 0 262 1 887 4 321 6 16
5 440 6 644 3 356 9 943 7 821 8 486 1 691 2 467 4 139 0 165
7 795 9 595 5 397 8 12 2 867 6 777 3 864 4 700 0 482 1 767
7 290 6 102 0 233 3 919 8 700 1 939 4 815 5 358 9 688 2 754
1 763 0 676 8 261 9 68 4 396 6 731 2 319 5 768 3 677 7 970
7 420 4 446 0 196 3 685 6 961 2 794 1 449 5 474 9 499 8 384
3 692 2 850 5 346 7 398 8 663 4 242 1 56 6 434 9 891 0 973
4 199 2 552 9 854 1 8 8 992 0 24 3 977 7 369 5 271 6 219
6 984 8 717 2 884 5 104 9 987 7 333 4 645 1 911 0 850 3 364
9 478 3 920 0 725 8 863 2 595 1 793 4 241 7 74 6 260 5 891
7 310 9 43 0 743 3 472 5 101 6 205 2 492 1 923 8 751 4 836
1 105 7 507 9 761 0 199 2 102 4 765 8 196 3 287 6 539 5 29
5 288 7 506 4 709 2 482 3 361 0 308 8 431 1 475 6 969 9 924
6 765 0 842 9 397 8 990 4 332 2 603 1 292 7 858 3 590 5 976
3 186 6 736 5 225 7 37 0 595 4 901 2 775 9 147 1 266 8 951
7 720 1 187 0 241 2 594 4 619 8 472 5 355 9 532 6 196 3 81
8 445 9 915 0 351 4 866 7 812 5 441 6 690 2 39 1 960 3 305
1 161 8 756 0 69 6 257 3 779 7 508 9 306 2 715 4 714 5 924
6 714 3 874 1 896 2 674 7 712 9 885 8 332 5 287 0 632 4 403
2 140 9 111 4 817 5 948 6 645 3 81 0 30 1 488 8 486 7 71
1 844 7 782 3 338 4 676 9 141 2 891 8 747 5 356 6 938 0 477
0 228 1 189 4 888 7 530 5 143 2 792 3 922 6 898 8 14 9 108
5 164 0 670 2 517 3 783 8 743 7 3 9 11 1 714 6 912 4 39
8 194 2 888 7 444 0 639 9 908 3 426 1 326 5 418 4 949 6 122
9 144 6 798 1 744 5 58 7 912 4 453 3 946 0 105 2 249 8 315
2 482 4 953 0 67 8 591 6 370 9 680 1 885 7 132 5 591 3 208
8 167 6 298 9 11 5 261 1 164 0 222 4 492 7 987 2 556 3 707
3 502 2 346 6 823 0 427 4 131 7 215 8 253 1 62 9 787 5 320
6 611 8 653 4 54 0 883 3 201 9 852 5 870 1 691 2 926 7 538
8 482 3 65 6 436 9 638 2 525 5 899 1 841 7 895 0 22 4 595
3 138 9 536 7 8 1 687 5 804 8 679 0 961 6 960 4 773 2 81
4 7 6 801 5 372 9 444 2 414 8 350 0 225 1 743 3 303 7 294
3 535 8 626 2 547 5 799 6 694 1 134 4 141 0 621 9 29 7 784
6 237 1 166 8 69 2 959 9 792 0 93 5 665 4 103 3 597 7 952
2 226 7 66 1 602 8 985 0 278 6 875 5 893 9 102 4 808 3 94
1 464 6 725 7 859 2 855 4 459 0 863 3 607 8 365 9 21 5 607
4 751 1 419 6 133 2 256 9 297 8 427 7 866 5 968 3 180 0 87
0 563 1 589 5 176 3 166 8 121 6 555 7 823 9 543 4 840 2 999
0 106 4 948 2 356 7 290 9 494 5 622 8 217 1 461 3 693 6 417
9 26 4 118 8 216 7 452 2 131 0 901 3 762 1 64 6 346 5 501
4 968 0 234 1 456 8 130 7 197 9 583 6 94 2 227 5 738 3 715
8 858 2 396 9 226 0 46 5 25 1 828 4 508 3 707 7 542 6 381
3 778 4 845 2 577 8 749 9 310 1 993 7 899 5 808 0 92 6 227
2 845 5 344 3 586 1 870 0 544 8 330 4 827 7 35 6 87 9 350
6 212 8 172 4 152 5 131 3 318 9 166 2 18 1 348 0 586 7 41
3 913 4 427 0 618 6 494 2 452 5 937 8 292 9 764 1 248 7 431
1 650 2 670 5 717 7 339 0 124 9 532 8 374 6 603 3 232 4 557
3 110 5 111 7 591 2 926 1 782 0 550 4 456 9 161 8 523 6 832
8 2 7 637 6 316 3 219 1 827 9 334 5 225 4 405 0 958 2 649
2 518 9 220 1 257 4 23 5 231 7 773 6 892 3 899 0 903 8 31
7 853 0 657 9 713 4 803 5 457 6 740 3 151 2 147 8 341 1 852
9 24 0 452 8 947 1 299 3 795 6 241 5 991 4 99 7 570 2 677
6 25 0 838 5 851 3 932 1 725 2 736 9 648 7 199 8 662 4 285
5 982 6 379 8 121 0 707 4 490 2 453 7 829 9 531 1 351 3 996
6 793 3 18 0 909 7 698 5 726 9 30 4 859 1 792 8 307 2 528
3 565 9 718 2 80 1 629 7 944 5 468 0 474 4 343 6 458 8 151
9 292 1 574 2 831 6 491 0 911 3 87 7 919 4 514 8 504 5 399
4 851 1 686 9 168 6 847 7 262 5 241 0 337 3 635 8 488 2 766
1 923 5 632 2 972 4 931 3 591 0 618 6 4 8 998 9 387 7 543
8 299 6 129 0 572 3 84 1 112 9 739 7 242 4 34 2 146 5 452
0 413 5 764 3 447 4 165 9 461 2 479 7 183 8 90 1 551 6 366
1 61 4 861 9 611 8 409 3 349 5 457 2 242 7 658 6 168 0 927
2 493 3 725 9 373 0 760 5 433 1 609 7 219 8 215 4 903 6 14
8 217 2 978 5 408 7 613 6 38 9 669 0 741 4 766 1 180 3 387
2 12 8 3 0 958 5 515 4 926 7 511 6 603 1 659 9 270 3 841
3 75 2 547 5 140 8 539 6 438 0 360 1 88 4 242 9 52 7 619
6 138 8 865 2 71 9 237 0 645 1 614 3 724 7 570 4 916 5 17
6 497 5 496 1 572 9 741 8 656 0 490 7 458 3 236 4 553 2 669
8 478 5 851 4 718 0 638 2 460 1 263 3 1000 9 437 7 243 6 242
5 896 3 835 4 319 7 974 1 639 0 172 8 465 6 693 9 838 2 600
2 422 8 362 1 458 6 180 0 324 7 160 3 791 9 719 5 857 4 614
6 765 3 476 8 70 5 451 9 280 0 540 2 905 1 987 4 137 7 469
8 776 0 46 5 362 4 610 2 849 3 297 9 943 6 24 7 631 1 652
8 184 4 219 2 414 7 407 5 43 6 979 0 999 3 650 9 662 1 158
7 128 4 615 9 730 0 659 3 883 8 342 1 11 2 872 6 622 5 413
8 580 4 265 0 594 2 666 7 615 9 630 1 421 5 182 3 634 6 879
1 419 0 840 8 213 2 22 9 657 6 499 4 296 7 18 5 122 3 149
6 650 1 835 8 362 3 701 9 451 4 671 5 600 7 687 0 491 2 248
2 648 1 528 8 492 9 39 6 902 3 705 7 898 4 521 0 375 5 546
9 724 1 836 7 769 5 636 8 114 2 519 4 787 0 634 6 445 3 716
1 823 5 277 2 238 0 434 7 420 4 907 9 902 6 523 8 425 3 420
7 725 3 870 2 363 0 424 6 503 5 802 4 655 1 8 9 936 8 777
4 707 0 519 8 280 9 508 1 174 7 93 5 242 6 944 2 864 3 633
3 966 6 877 9 764 2 855 5 782 8 495 7 187 1 501 4 822 0 611
3 274 9 974 6 773 2 960 7 819 5 58 4 200 8 479 1 233 0 610
8 805 6 200 5 828 4 27 9 380 0 138 7 37 2 807 1 946 3 983
4 188 5 2 1 359 0 34 3 829 7 215 8 352 2 318 6 473 9 240
3 447 0 596 5 776 7 340 8 630 9 936 2 443 1 496 6 938 4 57
9 672 6 581 1 564 7 155 8 328 5 481 4 307 3 299 2 474 0 13
8 901 6 934 1 274 4 314 2 517 9 278 3 52 5 313 0 550 7 778
8 850 3 894 7 765 1 881 5 550 6 240 2 716 4 371 9 393 0 760
1 987 4 916 6 689 8 35 5 65 0 566 7 369 2 237 9 249 3 786
9 418 6 492 7 24 1 842 0 631 3 270 4 746 5 422 8 791 2 872
6 412 4 89 5 132 0 973 3 812 2 223 8 888 1 279 7 132 9 701
1 207 4 500 2 182 9 789 5 207 0 40 7 113 6 605 3 20 8 43
8 426 1 443 0 88 6 343 5 766 2 663 7 47 3 441 9 499 4 573
4 417 5 737 6 103 3 693 7 481 1 471 2 200 9 921 8 66 0 628
5 634 6 3 1 242 7 514 9 775 2 248 3 974 0 49 8 968 4 372
0 588 1 192 2 290 3 427 5 544 6 460 7 524 9 985 8 326 4 535
0 997 7 984 4 662 6 256 5 458 1 828 8 6 2 298 3 573 9 268
6 1 5 972 7 337 0 582 2 757 3 910 8 458 9 359 1 35 4 458
5 681 2 671 9 703 7 846 4 285 6 693 8 15 1 573 3 965 0 716
6 592 7 988 8 258 0 793 1 27 3 56 5 146 4 680 2 263 9 953
5 759 7 282 3 1000 9 587 6 182 4 581 8 950 2 698 0 986 1 800
1 936 7 399 8 185 2 594 3 159 5 595 9 87 6 982 0 711 4 350
2 806 7 692 1 336 6 541 0 679 4 327 5 243 8 374 3 970 9 30
3 312 7 473 4 330 9 762 2 748 6 493 5 308 0 91 8 175 1 691
6 93 3 559 7 555 5 11 1 323 0 976 9 585 4 474 8 868 2 841
9 550 2 125 4 819 0 421 3 91 5 84 7 369 1 60 8 802 6 773
6 87 3 858 9 500 0 868 4 674 8 501 7 735 1 869 5 432 2 932
5 61 9 174 8 126 1 559 2 840 3 651 7 60 6 423 4 153 0 103
9 760 6 218 8 992 2 555 4 511 7 98 3 733 0 143 5 434 1 252
5 893 8 843 4 829 0 656 2 744 1 592 9 883 7 650 3 631 6 767
8 5 9 299 1 924 6 173 4 201 3 524 2 577 5 875 7 207 0 145
4 234 6 758 9 623 1 502 2 559 8 335 5 742 3 889 0 113 7 569
1 512 4 251 2 990 0 913 3 271 6 652 5 888 8 143 7 225 9 122
6 391 7 329 2 208 3 422 1 719 8 918 9 914 4 355 0 140 5 542
0 161 6 539 9 514 4 203 5 493 1 648 3 129 7 475 8 733 2 108
9 141 3 333 6 5 0 54 4 619 8 646 5 58 7 978 1 856 2 703
9 952 6 499 3 12 5 829 1 132 2 327 0 595 7 596 4 973 8 855
7 844 9 385 6 917 2 58 5 155 1 347 8 94 0 533 4 417 3 284
8 936 7 153 6 611 2 538 3 383 9 944 1 712 5 172 0 953 4 269
6 643 5 611 8 100 1 688 7 617 3 456 0 742 2 435 4 684 9 428
2 743 5 213 8 934 3 655 9 96 6 520 0 202 7 120 4 31 1 96
8 420 6 926 4 594 7 330 2 656 5 289 3 609 0 390 9 431 1 328
3 256 4 43 1 695 9 56 2 346 0 774 6 2 7 805 8 785 5 95
6 790 5 208 2 594 9 944 0 293 1 461 8 782 7 834 3 794 4 480
0 226 4 821 9 108 1 780 5 56 8 844 6 944 3 79 2 742 7 259
8 710 3 277 9 764 6 207 5 62 4 480 1 76 0 760 2 995 7 401
9 130 7 349 1 261 5 573 0 987 6 420 3 669 2 831 8 890 4 340
6 785 2 870 1 972 7 953 0 431 8 867 4 533 3 219 9 326 5 217
8 380 2 108 6 840 9 633 3 57 4 52 0 765 7 384 1 279 5 75
8 681 9 344 4 237 5 818 2 332 1 456 0 302 3 326 7 218 6 297
2 592 4 26 6 889 9 974 0 58 3 343 7 752 1 774 8 614 5 803
5 464 8 402 3 854 6 324 7 722 0 317 1 162 4 791 9 823 2 605
0 904 7 618 6 607 5 277 1 517 9 122 4 729 3 188 2 287 8 345
5 249 7 134 1 621 2 551 3 111 9 172 8 446 6 980 4 820 0 930
7 166 0 432 3 784 9 174 6 975 2 991 4 335 1 464 5 252 8 348
6 842 2 282 7 833 5 289 4 169 8 485 3 646 0 992 1 382 9 389
1 130 0 778 7 541 6 546 8 868 3 369 4 591 2 581 5 557 9 19
4 766 5 227 1 698 2 230 9 363 8 281 7 245 6 834 0 403 3 276
3 362 7 216 5 616 0 843 4 55 9 749 1 315 8 12 2 77 6 42
3 391 8 95 2 980 7 980 0 682 9 27 6 683 1 371 5 133 4 147
8 636 4 33 3 818 6 733 7 53 9 792 5 956 2 495 1 195 0 304
0 522 9 54 4 961 3 565 2 998 6 12 1 151 7 193 5 962 8 205
0 726 9 179 7 474 6 78 8 847 2 195 3 796 1 195 4 403 5 856
4 100 5 444 0 309 1 353 9 212 3 587 6 28 8 524 7 785 2 772
2 493 5 454 0 465 3 241 1 669 8 312 9 672 4 497 6 139 7 546
4 265 9 581 2 916 7 958 1 649 3 407 6 904 8 44 0 416 5 871
4 186 7 622 0 641 9 699 1 814 3 39 5 817 2 578 8 266 6 228
0 228 9 733 3 703 5 415 4 314 2 394 6 233 8 844 7 945 1 111
7 17 2 891 6 180 5 519 4 684 9 585 8 345 1 548 3 868 0 218
7 97 4 626 0 236 5 959 9 800 3 932 8 593 6 407 1 900 2 829
7 260 1 502 6 34 4 780 3 692 9 903 2 188 0 709 8 121 5 999
7 862 1 736 2 579 9 152 6 120 4 929 5 41 3 438 8 814 0 251
9 717 3 538 1 643 4 569 8 452 7 648 2 325 5 331 0 156 6 959
0 145 5 833 2 798 4 916 8 567 3 967 7 882 9 275 1 896 6 581
8 498 0 460 3 700 2 618 6 823 1 182 4 432 5 741 7 303 9 490
3 668 7 727 5 969 6 583 0 75 4 312 8 895 9 877 2 883 1 28
3 65 5 272 1 445 8 522 6 867 9 171 2 326 7 241 0 68 4 70
1 380 3 967 4 871 8 942 6 764 2 32 0 39 5 984 9 144 7 671
6 28 9 474 4 247 5 76 8 466 3 725 0 980 7 298 2 184 1 138
8 976 3 116 5 246 6 768 2 418 7 571 1 247 0 927 9 917 4 510
7 678 5 405 3 195 0 127 9 237 6 211 8 877 1 502 2 25 4 883
7 532 9 164 8 65 0 64 5 234 3 142 1 429 2 569 6 130 4 4
8 732 5 235 6 254 4 525 0 13 2 914 1 302 7 689 3 207 9 364
2 526 3 331 7 84 8 739 1 361 5 928 4 488 0 173 9 930 6 640
4 392 0 810 5 433 2 656 8 765 9 577 1 162 6 258 7 431 3 326
9 185 6 570 0 134 2 564 1 722 7 925 4 364 5 411 8 789 3 360
4 999 7 310 9 150 6 42 8 922 3 605 1 266 2 775 5 611 0 866
0 646 5 475 3 695 4 17 9 898 7 207 8 50 6 440 1 219 2 346
0 219 8 177 7 198 6 303 1 987 2 209 4 567 3 295 9 102 5 766
9 657 6 939 8 50 1 97 5 553 4 657 2 356 3 61 0 43 7 688
4 859 9 868 7 70 2 513 0 612 8 149 3 595 6 28 5 52 1 899
0 536 8 988 6 876 5 453 4 612 1 784 7 510 2 69 3 763 9 575
0 870 6 552 1 232 8 783 4 900 2 857 3 634 5 250 7 406 9 410
0 887 6 230 4 707 5 736 2 902 9 184 1 338 3 905 8 89 7 804
5 344 2 477 4 895 6 899 8 312 3 454 7 711 1 673 9 356 0 46
0 832 4 769 6 562 5 404 3 518 2 912 8 3 1 970 7 758 9 699
1 405 8 221 4 499 6 126 7 431 5 794 3 857 2 419 9 220 0 66
5 271 2 18 8 409 4 506 1 738 3 539 0 9 6 89 7 916 9 229
2 761 8 494 1 19 7 642 9 557 5 998 4 509 6 761 3 96 0 359
2 601 3 31 8 35 7 684 4 225 9 964 0 237 6 590 1 581 5 558
3 728 8 291 7 673 1 780 9 900 5 709 4 718 6 208 0 349 2 497
2 765 8 481 7 584 3 963 9 399 5 516 6 707 1 715 4 187 0 879
5 913 2 998 9 215 1 179 4 389 6 731 0 567 7 699 3 830 8 727
9 284 6 861 5 353 2 448 4 283 7 539 0 317 8 315 1 254 3 790
3 319 4 555 2 568 9 753 5 805 6 383 7 98 8 669 0 672 1 38
5 683 2 190 9 642 6 257 8 652 0 713 4 15 7 901 1 849 3 656
8 313 5 403 6 475 9 468 2 795 4 550 1 946 3 774 7 287 0 169
6 864 8 986 9 779 0 898 1 681 7 896 4 445 2 247 3 502 5 8
9 647 8 995 5 889 3 721 2 183 0 5 1 99 7 967 6 573 4 510
0 785 6 863 9 271 4 205 8 581 7 432 5 26 1 680 3 689 2 447
3 734 1 961 8 502 9 22 2 300 4 347 0 42 7 883 5 292 6 183
9 176 7 865 1 38 4 927 6 962 5 789 3 162 0 662 2 649 8 23
6 188 9 499 8 221 4 531 3 23 0 504 5 256 2 603 1 338 7 939
6 972 4 435 8 367 7 576 5 789 1 672 3 800 0 625 9 105 2 694
1 165 5 627 3 476 2 372 8 632 0 942 9 657 6 350 7 282 4 761
6 858 7 39 0 406 9 823 5 928 3 633 4 115 1 226 2 166 8 315
6 735 4 42 7 400 2 549 0 518 1 498 3 785 8 803 9 618 5 944
2 258 9 28 8 468 4 839 1 974 5 838 6 553 3 107 0 930 7 159
7 585 2 888 4 882 8 138 5 800 6 398 9 294 3 325 0 679 1 93
8 228 4 251 6 141 5 682 9 888 2 410 1 62 3 979 0 350 7 363
5 870 3 293 9 807 2 90 6 39 7 903 8 9 4 873 0 589 1 682
7 833 9 101 2 891 5 951 0 237 4 44 1 343 8 69 3 412 6 298
8 48 7 830 2 326 3 295 5 896 0 909 9 56 4 806 6 524 1 31
1 815 0 12 3 712 9 715 2 534 4 475 8 743 5 998 6 219 7 59
6 832 8 271 7 619 4 268 2 677 0 884 9 302 3 530 1 549 5 184
5 421 4 741 1 865 3 210 9 120 0 107 2 52 8 98 6 596 7 829
9 19 1 66 6 777 3 651 0 820 2 166 5 434 7 965 8 858 4 730
0 246 2 7 8 342 9 831 6 139 1 503 5 946 4 554 7 98 3 246
9 808 3 897 0 13 6 689 8 759 4 219 2 989 7 900 5 269 1 922
4 881 2 570 5 736 9 711 8 256 0 962 6 78 1 195 7 511 3 361
5 844 4 542 8 206 1 481 2 531 9 246 0 269 3 923 7 255 6 61
3 101 8 838 4 234 0 86 6 769 9 355 5 214 7 430 2 10 1 476
8 679 2 108 7 362 0 113 9 198 1 684 3 976 4 487 6 594 5 662
9 2 1 814 8 416 6 485 3 561 4 693 5 924 2 55 0 702 7 28
5 248 2 168 1 682 6 269 7 601 8 579 0 499 4 127 9 705 3 318
5 939 3 881 4 462 1 417 2 267 6 88 7 362 9 483 0 68 8 189
1 460 7 577 5 630 9 550 8 555 3 316 2 273 0 471 4 875 6 694
2 225 7 85 3 304 5 840 0 831 8 895 9 383 4 51 6 818 1 433
6 628 4 361 8 356 5 550 9 702 7 239 0 328 1 585 3 959 2 682
5 730 0 552 4 896 3 522 8 367 2 614 7 161 9 520 1 787 6 196
1 21 2 999 0 482 6 331 5 36 7 674 4 310 9 400 3 162 8 890
1 7 5 868 7 548 4 914 0 112 8 127 2 699 6 121 3 566 9 681
2 618 7 203 6 524 1 692 0 194 8 757 4 281 3 369 9 292 5 731
5 235 4 958 7 742 9 815 6 461 8 569 3 191 0 896 2 100 1 68
2 916 4 837 5 247 0 709 1 533 6 516 3 277 7 840 8 282 9 604
1 936 7 451 8 174 9 843 5 119 4 478 6 638 2 93 3 241 0 541
6 467 0 554 1 165 7 547 9 58 3 274 4 295 2 996 5 477 8 39
1 405 6 624 2 323 7 15 9 311 8 167 5 162 0 93 3 285 4 77
5 685 4 651 6 850 3 828 9 760 7 318 1 430 8 664 2 928 0 54
6 706 0 75 8 776 3 73 9 797 2 190 5 726 4 771 7 363 1 424
1 724 6 347 4 164 2 110 3 706 5 909 7 555 9 791 0 624 8 575
8 869 7 283 0 841 1 731 9 913 4 528 2 548 3 312 6 199 5 152
0 524 6 317 4 489 9 954 7 471 5 460 1 502 2 291 8 172 3 262
6 357 5 785 9 605 3 96 0 727 7 692 2 692 8 194 1 733 4 257
9 834 2 960 6 488 3 404 7 307 1 791 0 120 8 354 5 101 4 405
3 916 2 553 0 198 1 677 5 672 7 60 8 21 6 926 9 757 4 406
5 689 0 368 7 834 3 922 8 895 2 410 1 616 9 29 6 119 4 474
1 115 6 9 8 589 0 842 9 20 7 198 4 173 3 475 5 867 2 871
9 143 6 649 8 946 1 119 5 619 2 947 7 669 3 998 4 870 0 69
9 430 6 380 8 466 7 980 2 429 5 312 0 739 3 877 4 220 1 37
2 526 7 210 5 768 1 234 3 444 8 794 0 931 9 900 4 268 6 460
2 591 8 803 5 991 9 320 0 885 1 150 3 565 6 674 4 195 7 83
8 837 9 612 4 484 5 15 3 409 2 550 7 26 0 646 1 704 6 69
7 926 3 464 5 237 9 85 1 32 2 337 8 36 4 924 0 434 6 106
8 229 9 213 7 158 1 209 5 233 0 373 4 816 6 298 2 401 3 606
8 511 7 112 6 518 4 838 0 205 5 741 1 516 9 659 3 885 2 417
5 599 4 213 3 420 2 314 9 695 1 568 8 632 7 209 0 256 6 348
3 885 1 93 6 914 5 467 4 134 7 390 9 536 2 670 8 569 0 999
3 716 8 572 7 43 4 417 9 103 5 128 6 411 1 793 0 197 2 318
5 851 6 421 4 79 8 659 2 776 9 328 1 442 0 558 7 322 3 479
7 741 5 718 0 623 2 975 8 49 6 633 9 907 3 750 1 353 4 661
5 458 1 618 4 272 2 583 6 221 0 401 9 465 3 127 7 787 8 55
0 394 2 428 1 391 9 670 4 850 6 953 8 127 3 845 5 921 7 635
6 661 5 23 2 159 1 126 3 486 7 902 8 852 4 411 0 335 9 204
4 399 2 440 3 216 7 902 6 482 1 44 8 689 9 197 0 978 5 421
6 736 3 643 5 773 7 336 0 421 8 519 1 876 2 308 9 421 4 356
2 1000 4 44 9 178 1 156 8 49 5 23 3 572 7 212 6 841 0 510
0 504 8 845 6 974 7 601 4 742 2 559 5 727 3 310 1 841 9 321
4 726 1 95 6 112 2 441 8 996 3 423 0 793 9 260 7 738 5 681
4 341 6 923 5 379 1 812 0 623 7 923 9 631 8 503 3 38 2 671
4 434 0 797 8 457 2 444 1 876 6 877 3 466 7 145 9 713 5 241
3 579 6 41 5 360 7 553 9 229 4 918 0 361 2 324 8 680 1 411
0 328 3 994 1 789 8 630 4 470 2 832 6 847 7 176 5 294 9 832
0 439 6 978 7 621 9 213 4 279 3 919 2 330 1 416 5 118 8 664
0 926 9 682 7 730 1 632 4 789 8 455 5 996 6 764 3 354 2 995
0 565 9 334 1 761 4 108 2 55 8 495 7 757 3 555 6 110 5 750
6 866 1 944 3 693 5 818 2 669 4 521 8 268 0 279 9 639 7 350
3 455 2 240 6 112 9 820 0 563 7 570 1 672 4 37 5 217 8 297
4 385 8 601 7 837 9 506 3 513 1 507 2 376 0 947 6 572 5 649
5 905 1 786 0 326 4 585 6 50 2 353 3 821 9 61 8 942 7 251
2 21 8 899 1 353 0 798 6 157 3 772 7 96 4 149 9 158 5 487
1 232 3 792 8 28 5 945 2 634 0 58 9 885 6 970 4 715 7 991
6 223 1 847 5 914 2 88 8 262 4 480 0 283 3 981 9 171 7 806
7 593 0 669 8 984 2 115 4 776 1 517 9 47 3 749 6 447 5 267
2 91 0 240 7 916 8 933 6 150 9 191 5 2 1 19 3 985 4 95
4 222 2 174 3 666 7 120 9 663 0 275 8 160 1 985 6 532 5 288
2 514 0 599 3 79 8 842 5 605 7 162 1 711 4 537 6 932 9 860
6 547 0 872 2 442 1 614 4 722 7 732 9 243 5 256 8 240 3 425
8 336 3 541 0 491 5 364 9 177 1 513 4 892 2 680 7 965 6 512
0 416 6 88 2 845 5 813 8 310 7 454 3 399 4 587 9 459 1 846
3 807 8 675 9 137 1 762 2 511 0 187 5 134 6 970 7 894 4 303
1 209 8 943 2 711 5 791 9 927 3 29 7 440 0 5 4 676 6 147
0 27 8 265 6 517 7 192 1 82 9 835 3 769 2 20 4 387 5 836
9 576 5 64 8 107 3 785 6 612 2 323 7 127 4 709 0 348 1 161
5 805 6 153 1 648 9 202 4 937 0 755 3 318 8 565 2 228 7 569
3 922 8 703 9 182 4 464 6 245 0 444 7 772 2 861 5 325 1 593
6 581 7 639 4 946 5 707 0 526 8 39 9 720 3 511 2 893 1 438
4 888 3 343 8 411 6 905 0 225 7 38 5 579 9 579 2 804 1 72
3 975 2 480 1 557 7 897 0 745 5 641 6 13 4 241 9 975 8 688
3 548 1 16 9 832 2 57 5 156 6 515 8 675 0 396 4 353 7 139
8 622 9 435 5 981 0 31 6 476 7 660 2 472 1 502 3 480 4 548
1 580 7 699 3 822 8 246 5 542 9 709 6 9 2 647 4 681 0 561
8 951 2 399 9 796 1 726 5 232 3 47 0 708 7 981 6 85 4 673
6 188 1 971 5 166 9 528 3 224 0 589 4 868 7 621 8 986 2 327
2 757 5 659 0 67 4 969 3 549 6 552 7 723 8 70 1 698 9 400
2 484 7 10 4 904 8 351 5 208 9 159 1 578 3 787 6 932 0 460
6 650 7 316 2 716 8 483 0 80 5 265 3 117 1 885 9 247 4 480
8 921 3 613 2 837 6 810 9 629 0 325 5 161 4 577 7 79 1 369
6 518 5 854 0 931 4 422 8 478 1 755 3 229 9 646 2 906 7 610
6 688 4 892 2 101 0 848 5 533 3 446 8 689 1 858 7 16 9 764
3 361 9 242 5 348 6 563 0 837 4 30 7 758 8 830 2 180 1 869
7 982 5 745 8 676 6 423 1 138 9 259 0 421 2 912 3 934 4 329
9 275 0 616 1 70 8 529 6 930 3 442 7 20 2 569 5 500 4 519
9 476 7 580 3 646 5 86 4 948 2 742 0 857 1 483 8 753 6 141
8 483 5 297 3 517 6 596 2 646 0 101 4 5 1 196 9 353 7 41
8 583 4 737 9 274 5 129 0 640 7 383 2 645 1 885 3 811 6 32
5 982 2 955 3 254 9 371 1 154 0 153 8 639 6 545 4 259 7 284
6 572 2 823 7 955 3 904 9 207 4 588 5 336 1 557 0 184 8 574
3 590 2 946 9 572 0 917 5 770 7 376 4 572 8 851 1 466 6 718
1 480 7 894 9 674 3 444 0 50 4 84 6 193 2 126 8 664 5 674
0 706 6 807 4 113 1 49 5 918 2 847 7 752 8 813 9 623 3 523
6 366 9 915 0 480 5 264 8 834 3 159 7 848 4 291 1 964 2 831
6 821 3 487 8 303 9 992 5 309 0 356 7 316 2 627 1 703 4 201
0 531 2 819 1 280 4 959 9 141 6 637 5 746 7 937 3 637 8 692
7 271 8 203 0 940 6 785 5 91 2 262 3 4 1 812 4 527 9 957
7 692 5 673 2 2 1 455 3 178 0 593 6 986 8 81 4 288 9 612
4 824 3 279 2 261 9 928 6 777 5 487 1 179 0 721 7 945 8 451
2 224 5 197 1 931 4 817 0 854 9 122 7 763 6 872 3 910 8 167
2 372 4 881 6 698 5 188 3 901 9 416 7 695 1 526 0 990 8 285
8 545 6 635 4 480 1 707 0 824 2 110 9 627 3 909 7 97 5 152
7 721 5 416 1 784 9 164 4 527 3 977 6 384 0 84 2 716 8 555
9 829 6 125 4 882 7 84 8 968 1 916 2 554 3 750 0 698 5 491
6 604 4 573 2 908 8 661 7 523 5 842 9 659 0 409 1 671 3 459
4 609 8 254 2 716 0 348 1 758 3 180 6 552 5 902 7 630 9 26
0 466 7 226 6 835 1 178 8 422 2 491 4 835 3 629 9 485 5 405
1 885 5 732 6 457 3 950 9 933 8 996 2 766 4 863 7 199 0 149
8 587 0 486 4 880 9 839 3 176 2 820 1 911 7 546 5 618 6 6
3 619 7 568 1 298 2 850 4 262 5 113 9 43 0 136 8 575 6 915
3 138 8 162 9 30 6 580 2 920 1 450 4 912 5 318 7 867 0 110
4 306 5 629 8 219 3 994 7 746 9 680 2 696 6 291 0 368 1 105
0 512 6 427 1 564 7 507 9 894 8 374 2 674 3 207 5 270 4 200
1 952 2 819 0 53 5 17 3 224 8 784 4 390 7 806 6 176 9 102
4 351 7 508 9 359 1 38 3 842 8 35 0 218 6 963 5 279 2 494
1 765 4 870 5 159 9 475 0 597 7 285 2 731 3 571 6 705 8 24
8 59 4 631 5 657 3 560 1 722 9 308 2 983 0 3 6 975 7 165
4 682 1 768 6 590 7 437 3 186 2 475 0 941 9 421 8 21 5 670
6 451 8 360 4 872 5 261 9 490 3 128 7 953 1 316 0 573 2 108
8 313 9 111 6 253 2 113 4 639 3 437 5 598 1 914 7 144 0 666
2 302 5 437 4 882 6 216 1 157 0 115 3 15 9 842 8 375 7 948
5 816 3 692 0 319 6 981 2 519 8 858 4 54 7 447 9 878 1 139
2 377 4 693 1 757 7 137 3 808 5 162 6 678 8 800 0 723 9 476
0 262 7 9 8 847 9 857 4 652 6 75 1 254 3 196 2 907 5 780
1 301 6 220 9 44 5 465 0 174 8 226 3 573 4 768 2 702 7 340
6 790 2 150 3 409 8 43 5 882 0 498 4 273 1 917 7 906 9 564
4 518 5 408 0 693 1 700 6 383 8 124 2 860 3 355 9 759 7 628
9 617 4 136 8 186 7 281 1 64 2 233 6 326 3 682 5 686 0 435
8 311 2 531 1 710 5 873 3 963 6 865 0 667 4 197 7 388 9 176
7 871 5 318 2 243 0 986 8 49 6 998 3 130 9 708 4 693 1 862
6 634 9 558 0 182 8 688 2 931 7 622 4 359 1 993 5 946 3 498
2 47 3 377 1 876 9 592 0 2 4 616 6 41 7 372 5 948 8 551
9 940 7 598 6 488 1 976 3 263 8 452 0 519 5 979 4 787 2 363
9 740 7 431 1 124 4 326 8 692 5 769 3 675 6 985 2 92 0 67
4 206 8 69 0 946 9 580 7 642 6 231 5 21 1 152 2 49 3 271
1 409 7 220 2 574 9 322 4 354 5 208 6 284 0 925 3 562 8 761
3 383 9 583 4 605 1 682 2 858 0 681 6 33 8 918 5 767 7 364
2 820 8 493 0 78 5 159 3 950 1 185 7 661 4 940 6 493 9 595
3 525 8 358 0 870 9 359 4 485 5 57 6 777 2 521 1 399 7 6
8 934 1 434 3 185 9 258 6 92 2 307 4 22 7 194 0 161 5 236
8 475 1 756 2 411 6 906 4 774 3 517 9 820 7 955 0 272 5 787
4 676 3 607 5 515 9 518 2 368 8 805 1 438 7 464 0 225 6 118
4 861 0 445 3 864 8 3 5 429 1 865 7 925 2 406 9 326 6 957
7 806 5 255 8 746 2 574 9 124 0 590 6 554 3 34 1 626 4 959
0 479 5 383 1 263 2 327 4 813 9 858 8 474 3 265 7 188 6 769
7 253 9 478 8 840 5 614 2 779 1 383 3 873 6 808 0 627 4 528
0 693 9 255 8 854 6 266 1 712 3 388 4 789 7 157 2 414 5 643
6 27 9 521 7 895 2 998 5 585 8 503 1 201 0 847 3 353 4 65
3 580 1 441 2 739 0 114 4 390 6 915 5 483 9 995 8 398 7 859
3 699 0 883 7 726 9 739 1 900 4 170 8 410 6 699 5 304 2 555
9 902 6 459 3 499 1 380 7 412 4 730 5 976 2 595 0 609 8 752
7 872 2 727 6 121 0 220 5 589 1 407 8 329 4 835 9 12 3 179
0 563 9 182 5 785 2 141 7 855 8 470 6 244 3 371 4 372 1 383
4 370 0 653 6 350 7 310 5 687 8 997 2 17 1 888 9 198 3 311
7 867 0 377 2 579 3 167 6 624 1 318 4 871 5 690 9 631 8 743
8 163 0 442 9 730 7 564 4 712 1 689 6 723 2 459 5 251 3 657
7 193 8 812 1 246 9 205 4 106 0 513 2 801 5 136 3 226 6 133
0 144 8 288 5 434 9 639 7 958 6 430 1 340 4 331 3 607 2 445
1 195 2 405 9 347 0 589 8 551 5 827 4 710 6 955 3 725 7 839
3 548 6 663 5 678 2 245 0 370 4 641 9 366 8 791 1 151 7 408
1 196 3 763 9 730 5 89 7 10 2 197 8 325 0 680 4 274 6 966
7 735 9 998 8 600 4 705 0 304 1 88 6 447 2 902 5 437 3 719
7 499 2 717 6 891 4 673 9 494 8 768 3 904 0 932 1 302 5 277
1 789 2 42 7 379 8 831 6 928 3 462 4 190 5 336 0 469 9 681
2 101 1 133 5 156 9 920 7 68 4 846 0 607 3 854 8 853 6 624
5 10 4 186 2 200 8 825 1 277 3 117 6 925 9 920 0 373 7 986
8 606 3 358 2 974 1 666 9 394 5 637 0 477 6 339 4 588 7 787
0 337 3 644 9 338 4 138 7 18 6 559 2 985 8 944 5 74 1 572
6 398 3 902 5 433 2 470 4 272 8 688 1 660 0 341 9 25 7 336
4 285 8 127 2 218 9 126 0 941 1 963 3 982 5 808 6 198 7 372
8 759 2 802 9 950 6 102 5 693 0 659 1 5 3 824 7 701 4 36
6 55 3 302 4 382 7 357 0 21 5 481 8 527 9 341 1 166 2 621
3 803 8 141 5 612 2 688 7 527 6 154 0 377 1 586 9 394 4 822
4 279 1 509 9 779 2 874 5 62 0 850 3 905 6 522 7 465 8 197
7 179 1 125 4 194 0 159 2 888 6 167 9 180 8 990 5 304 3 333
3 479 9 619 2 882 7 180 4 893 1 391 8 343 6 870 0 59 5 755
4 163 7 122 6 108 0 122 5 796 1 814 9 575 3 733 2 714 8 796
2 129 7 900 0 215 5 351 9 413 8 580 6 904 3 209 4 632 1 857
1 537 6 994 5 849 4 417 7 639 3 167 9 269 8 258 0 111 2 20
6 993 4 649 1 788 7 479 8 896 9 624 2 822 5 851 3 821 0 275
9 485 2 693 6 786 1 576 3 924 7 199 5 166 0 712 4 851 8 583
1 598 6 798 7 5 8 627 3 642 5 787 9 305 0 163 2 248 4 836
9 891 6 978 5 638 1 657 7 618 4 619 2 976 0 58 8 445 3 12
6 354 7 264 4 86 8 1 5 784 1 645 2 792 3 768 0 65 9 745
2 157 0 949 5 369 7 842 9 736 1 842 8 957 4 263 3 546 6 892
5 402 6 713 0 760 2 892 7 454 9 190 4 761 1 136 3 56 8 772
0 597 9 582 2 572 7 535 3 832 5 700 1 838 6 367 4 878 8 143
5 480 1 8 7 665 2 495 9 647 8 255 6 358 3 355 0 623 4 430
9 870 7 158 4 798 1 5 6 448 5 325 3 438 0 174 2 203 8 443
8 740 4 938 6 666 3 508 7 830 9 356 5 152 0 626 2 378 1 922
0 50 9 527 3 361 6 316 8 980 5 304 7 754 2 531 1 595 4 514
9 379 6 815 0 602 2 109 5 658 7 124 1 513 3 689 4 305 8 42
3 951 2 304 8 656 0 744 9 648 4 810 5 556 6 605 7 793 1 23
1 838 2 554 5 672 7 605 0 775 6 127 9 681 4 414 8 783 3 361
3 547 0 404 2 781 4 204 5 186 8 468 1 504 9 467 7 813 6 461
2 387 6 177 9 199 4 43 7 959 0 323 3 67 5 941 8 995 1 300
4 216 9 567 3 199 7 436 5 260 2 652 6 782 8 894 0 493 1 323
9 562 0 261 6 634 4 797 2 833 8 858 1 361 3 449 5 724 7 788
4 577 8 4 7 529 5 437 1 471 6 232 9 630 2 109 0 935 3 88
3 942 1 638 0 712 4 501 6 65 8 187 5 354 2 648 7 811 9 997
2 379 8 901 9 86 7 947 0 916 4 32 5 747 3 997 6 203 1 926
4 388 2 501 6 706 9 771 5 861 8 19 0 76 7 683 1 497 3 52
3 704 2 375 5 577 4 566 1 526 7 303 6 983 9 819 8 542 0 494
9 529 8 391 4 408 6 870 0 1 7 191 5 486 3 929 2 544 1 800
3 613 0 113 2 227 4 601 9 27 7 53 1 174 8 935 6 834 5 992
6 924 3 27 5 682 4 7 1 289 8 265 0 701 9 119 7 719 2 744
9 276 8 985 2 812 0 609 4 671 5 803 6 429 7 597 3 714 1 796
1 907 2 760 7 91 3 732 8 300 0 516 5 903 6 870 9 637 4 812
3 348 7 739 1 299 8 862 4 849 9 475 5 777 2 579 0 522 6 74
2 59 7 686 8 264 6 134 3 912 9 118 4 141 1 513 5 151 0 450
8 93 6 359 4 993 5 600 3 72 0 692 2 348 1 699 9 92 7 651
2 407 4 799 0 495 5 351 8 593 9 33 1 602 6 952 3 261 7 943
6 272 0 293 4 928 7 121 3 710 2 304 1 666 9 683 8 174 5 722
5 482 9 425 8 931 1 243 4 252 7 958 6 313 2 318 0 470 3 672
2 60 1 751 0 177 9 603 5 454 4 978 8 891 7 448 3 967 6 929
3 673 7 506 6 404 5 210 8 329 9 86 4 650 0 339 1 309 2 140
2 892 8 195 5 612 3 190 4 417 0 870 6 930 1 923 9 609 7 20
0 848 1 769 5 797 4 526 9 79 8 693 2 310 3 502 6 709 7 552
1 325 4 507 5 138 0 968 7 434 2 238 3 244 8 527 6 561 9 156
9 334 5 413 2 38 0 255 8 471 1 405 4 817 6 659 7 151 3 110
5 436 4 531 8 916 0 952 2 674 7 133 3 763 1 353 6 82 9 681
4 451 1 91 2 192 0 449 3 546 6 444 7 557 5 605 9 763 8 194
9 821 5 790 2 135 1 649 6 878 3 652 4 472 0 314 7 584 8 455
4 733 0 297 8 760 2 574 9 863 3 403 1 318 5 528 6 131 7 938
9 551 8 589 6 64 7 39 0 45 4 143 3 128 1 755 2 737 5 138
5 475 2 178 9 155 1 277 3 926 0 652 8 48 7 813 4 187 6 737
0 595 1 637 2 970 6 529 3 982 5 507 8 469 9 133 4 727 7 250
6 66 5 765 0 640 3 855 2 665 7 711 9 134 4 610 1 701 8 737
7 587 2 339 3 736 6 883 9 519 5 974 4 622 8 732 0 346 1 501
8 780 6 655 1 940 3 321 7 705 5 441 0 141 9 45 4 506 2 938
1 496 2 463 3 692 6 438 4 594 9 723 5 66 8 319 7 121 0 877
1 519 5 977 8 71 4 283 2 245 6 834 0 430 3 245 7 996 9 787
8 389 9 866 7 382 0 599 1 856 6 600 3 319 4 631 2 407 5 87
8 297 3 919 5 829 2 19 0 934 6 793 4 936 9 13 7 327 1 908
2 696 7 901 6 313 5 336 8 872 3 981 9 751 0 833 4 570 1 533
9 914 1 574 5 223 0 182 6 334 7 821 3 668 4 997 2 310 8 548
1 480 2 615 0 728 8 38 9 74 4 427 7 74 6 1 3 351 5 689
3 916 2 16 6 249 1 5 5 167 8 370 7 659 0 407 9 763 4 262
7 896 6 914 9 382 8 800 5 100 2 343 3 256 1 29 0 698 4 893
9 492 8 495 0 829 2 215 4 169 6 85 7 386 1 955 3 903 5 50
4 642 6 378 3 428 2 137 5 942 0 809 8 134 1 2 7 475 9 675
0 555 1 795 7 837 4 920 3 76 5 102 6 663 2 983 9 336 8 603
5 904 1 995 7 132 9 194 4 449 8 813 0 801 2 951 6 275 3 878
5 982 6 90 0 134 1 670 7 324 2 249 9 597 3 638 8 9 4 45
8 85 2 6 7 851 4 894 1 411 9 12 3 326 0 908 6 21 5 411
3 913 1 915 2 936 0 836 6 947 5 58 7 785 8 419 4 443 9 496
3 512 7 216 5 861 4 91 0 39 6 136 1 872 9 390 8 688 2 159
3 460 1 430 2 628 7 677 4 81 0 658 5 912 6 690 8 306 9 13
5 217 7 991 3 704 8 946 6 352 4 259 2 804 9 682 0 337 1 454
2 300 6 324 5 277 4 669 0 927 7 82 9 968 1 243 8 868 3 355
1 741 5 41 7 539 8 419 0 933 6 210 4 543 2 932 9 854 3 997
8 251 4 214 6 536 0 639 1 842 2 594 7 179 9 988 3 571 5 87
8 484 3 498 5 809 2 663 6 134 4 634 1 624 9 994 7 653 0 700
5 747 1 437 7 950 9 79 0 955 4 278 8 955 2 154 3 98 6 646
4 787 0 273 6 182 9 243 7 501 5 703 8 496 1 585 2 108 3 596
4 28 3 541 1 942 5 19 6 523 0 286 7 15 2 419 9 77 8 784
3 923 8 576 5 178 0 646 1 329 6 453 9 799 7 699 4 763 2 504
3 582 5 5 8 721 6 171 1 589 7 111 0 229 9 954 4 81 2 122
7 105 8 326 5 924 4 663 1 381 9 773 0 97 3 403 6 612 2 299
6 128 3 168 4 238 2 257 1 509 8 620 5 657 7 400 0 203 9 871
6 888 7 954 4 222 2 558 3 70 0 30 9 286 8 759 1 251 5 854
7 103 4 137 3 749 2 894 0 334 5 282 6 722 9 883 8 534 1 732
0 962 2 662 9 439 3 221 8 313 1 188 4 176 7 657 5 842 6 715
3 564 4 694 8 687 9 195 1 600 0 516 2 796 5 774 7 740 6 759
5 508 1 334 0 880 6 290 9 772 3 329 4 390 7 866 2 611 8 595
2 661 7 52 3 435 0 401 4 238 6 60 1 473 5 797 8 135 9 91
0 327 9 563 8 61 3 300 5 771 2 991 7 142 6 795 4 241 1 616
7 276 5 674 0 756 4 93 9 846 2 210 6 793 1 843 8 32 3 186
7 620 9 408 0 755 3 879 2 980 5 39 4 184 8 273 1 89 6 736
1 733 0 845 6 430 4 691 3 970 8 420 2 929 9 305 7 685 5 175
2 104 4 463 0 889 7 773 5 790 6 584 3 501 8 427 1 10 9 38
0 945 2 839 3 448 4 477 7 140 1 113 5 361 8 348 9 1000 6 135
6 230 2 833 7 775 5 675 4 258 0 79 3 919 9 3 8 637 1 366
3 401 8 420 7 284 9 912 6 799 4 452 1 494 0 692 5 939 2 371
7 914 9 208 1 628 5 477 6 980 0 751 8 307 2 783 4 462 3 277
3 53 9 635 8 267 6 243 7 25 2 842 0 911 4 236 1 825 5 84
1 706 2 803 9 789 6 111 5 755 3 630 0 914 8 362 4 241 7 155
7 186 3 941 6 613 9 613 1 429 0 951 2 443 8 427 5 478 4 891
8 479 4 437 0 40 3 464 6 989 5 316 1 87 2 868 9 321 7 613
1 587 3 740 4 652 5 290 8 854 9 307 2 824 7 102 6 623 0 140
1 635 2 42 6 23 5 437 3 111 9 440 4 769 8 578 7 554 0 731
8 903 3 715 5 65 0 609 9 103 7 340 6 855 4 359 1 132 2 735
5 964 2 743 3 1 0 223 1 777 4 328 6 824 7 291 8 487 9 818
7 497 6 598 0 791 5 557 4 190 1 887 8 204 3 565 2 787 9 34
0 820 9 492 6 219 7 610 5 286 2 28 4 285 3 177 8 982 1 119
6 414 5 397 2 324 1 85 4 839 0 953 9 258 8 841 3 575 7 781
0 172 2 481 8 732 4 515 5 961 3 600 7 547 6 264 9 208 1 473
7 775 9 818 5 238 2 810 4 822 0 508 1 75 8 171 3 350 6 539
9 749 6 113 7 511 1 500 0 709 4 876 5 386 2 805 3 797 8 297
5 135 4 748 1 570 6 52 0 853 9 136 8 103 7 479 3 681 2 746
5 895 7 847 3 274 4 15 9 148 8 33 6 883 1 981 2 973 0 561
6 479 1 167 5 193 7 778 0 179 2 175 9 691 4 111 3 13 8 904
5 790 7 188 3 835 9 597 2 103 1 66 0 334 4 432 6 434 8 797
4 822 5 99 8 205 6 452 9 62 0 269 7 313 3 837 1 983 2 49
5 806 3 298 1 35 7 497 9 134 6 356 8 360 4 755 0 786 2 698
9 989 1 597 4 992 3 862 0 824 5 178 6 934 2 484 8 957 7 849
0 1000 5 848 6 492 8 462 7 38 2 851 3 465 4 983 9 737 1 441
9 199 6 741 5 220 8 147 7 494 4 781 1 567 3 260 2 8 0 794
3 350 9 282 4 732 7 865 6 256 2 290 0 186 1 345 8 619 5 872
2 430 1 740 5 349 4 810 0 583 9 719 7 894 8 360 3 199 6 866
9 889 5 155 6 988 0 508 2 305 4 751 8 685 3 198 1 552 7 982
3 33 7 10 5 643 2 882 8 64 1 688 4 681 9 374 0 405 6 44
0 842 8 601 7 219 5 424 6 380 3 769 9 893 1 42 4 57 2 376
7 586 4 401 8 309 9 830 3 949 5 393 6 955 2 2 0 666 1 697
8 126 0 718 4 293 5 61 2 477 1 134 3 733 6 493 9 616 7 292
8 565 6 601 3 247 7 348 0 586 2 271 1 722 4 55 5 168 9 195
1 683 4 566 0 800 8 370 2 736 3 165 6 420 5 2 9 220 7 833
6 556 2 161 9 541 3 191 0 520 1 305 5 200 7 659 8 453 4 381
5 480 2 578 1 949 9 299 4 246 0 644 6 359 3 878 8 403 7 649
3 525 7 774 0 320 9 807 4 748 1 590 2 862 8 573 5 439 6 627
1 786 5 680 0 172 7 380 6 528 8 487 4 80 2 153 9 264 3 604
2 358 3 132 1 142 0 994 5 546 8 278 7 387 4 182 9 148 6 816
4 513 2 723 1 304 8 800 3 740 0 742 5 819 7 420 6 604 9 19
3 64 0 6 4 575 2 849 5 927 1 987 7 764 9 601 8 335 6 937
9 665 2 206 4 827 6 653 7 358 1 897 3 912 5 311 0 586 8 285
1 423 0 923 4 819 8 425 9 941 7 652 3 148 6 199 2 159 5 470
3 758 1 289 5 51 4 176 9 529 6 267 7 594 2 141 0 540 8 776
3 818 6 86 0 840 4 228 5 264 1 957 8 874 7 827 9 979 2 128
2 976 8 261 4 427 5 296 7 3 1 455 0 463 9 358 6 698 3 767
3 150 4 969 2 415 0 596 1 678 7 134 5 219 9 583 6 17 8 588
5 876 4 322 7 877 8 210 3 263 0 771 6 554 2 56 1 897 9 156
8 54 1 815 0 967 3 683 4 436 5 710 2 861 7 105 9 468 6 466
2 211 1 634 3 427 4 513 9 468 7 792 5 243 8 771 0 464 6 795
9 590 5 821 2 66 7 969 6 420 1 395 0 211 3 254 4 684 8 625
4 805 6 800 7 766 1 327 0 116 2 250 5 31 3 967 9 134 8 459
6 718 3 676 8 620 1 530 7 211 4 105 0 872 2 673 9 743 5 666
3 70 9 43 8 95 7 147 1 191 0 546 4 490 2 748 6 633 5 825
4 770 6 405 3 290 5 395 2 847 0 964 1 131 7 527 8 887 9 320
7 282 8 577 1 874 3 704 0 719 2 885 4 593 5 70 6 592 9 898
3 390 2 817 7 336 8 561 0 703 6 971 5 322 4 601 1 884 9 321
9 715 6 833 2 64 0 720 8 805 4 593 1 917 3 562 5 160 7 669
6 992 2 948 5 308 9 838 7 27 1 611 4 121 0 7 8 665 3 67
7 119 6 889 4 356 5 332 9 746 1 411 3 522 8 401 0 605 2 98
8 598 6 718 3 31 4 481 0 363 1 565 2 370 5 653 9 516 7 749
7 872 2 264 6 198 9 680 4 712 3 216 0 999 5 712 8 935 1 195
4 719 7 741 6 914 5 561 1 492 0 469 9 487 2 117 3 373 8 712
2 812 5 193 6 780 8 127 7 671 9 550 0 750 1 633 3 636 4 325
5 911 8 274 1 573 4 813 3 214 0 776 7 604 9 353 6 216 2 435
6 867 9 885 2 528 0 248 5 773 3 573 7 148 4 890 8 37 1 970
5 802 0 902 1 844 6 602 8 642 7 265 9 200 3 355 4 277 2 904
3 776 1 963 2 619 5 283 9 420 6 431 8 803 7 879 0 289 4 278
7 355 3 280 4 187 0 706 2 695 6 879 9 706 8 546 5 198 1 245
5 39 8 711 3 632 6 36 0 736 2 641 1 747 4 758 7 415 9 844
0 797 4 653 3 161 8 589 6 164 2 30 9 778 1 195 5 425 7 347
8 509 1 924 4 731 2 723 9 273 5 525 0 960 7 919 6 864 3 589
7 118 9 36 8 545 3 814 4 736 1 881 0 221 2 505 5 740 6 612
4 159 8 214 1 321 9 957 6 572 2 773 3 974 7 990 5 385 0 596
0 381 9 909 3 780 5 629 8 582 6 168 4 971 1 226 2 296 7 836
0 313 6 48 2 386 8 162 4 791 9 102 5 416 1 895 3 551 7 576
9 209 7 166 2 891 4 308 1 181 8 444 5 364 3 984 6 276 0 591
0 903 2 638 3 98 6 884 1 801 8 102 4 558 9 140 7 772 5 942
9 657 3 170 6 697 0 744 5 564 4 275 7 93 1 8 8 243 2 42
7 705 4 17 8 398 6 672 9 129 2 19 5 885 1 653 0 478 3 2
3 595 0 765 1 318 2 214 5 108 4 266 7 737 9 307 6 464 8 225
5 671 4 436 6 810 3 588 8 869 0 129 2 665 1 940 7 983 9 530
9 549 5 680 7 87 0 287 6 590 4 14 8 635 3 638 2 790 1 125
0 93 5 327 9 727 1 405 8 508 2 303 6 983 3 171 7 207 4 864
7 392 9 965 3 338 8 465 1 468 2 454 4 153 6 759 0 493 5 239
0 945 8 128 5 747 3 195 7 142 6 711 1 342 9 268 2 911 4 393
9 395 4 559 3 310 0 883 5 316 6 993 2 771 1 102 8 720 7 997
6 800 4 784 3 914 8 139 5 655 7 120 9 332 1 510 0 416 2 918
1 780 2 898 0 967 9 653 8 583 6 79 3 50 5 901 4 202 7 127
6 656 8 809 1 104 0 872 2 716 9 306 4 134 3 551 7 985 5 790
6 154 8 50 5 112 4 553 0 25 2 591 9 636 7 78 3 143 1 358
9 183 6 90 2 434 0 735 7 877 8 885 5 879 1 570 3 862 4 589
5 110 6 626 3 233 9 433 2 794 4 580 7 796 0 712 1 440 8 234
6 505 1 763 9 937 5 886 0 378 7 653 4 922 3 565 8 708 2 550
2 217 7 475 0 497 4 230 1 634 9 340 8 495 6 92 5 255 3 790
0 255 9 75 7 398 6 201 5 296 4 742 8 660 1 119 3 874 2 568
6 935 9 62 2 686 8 858 1 658 7 7 5 746 4 442 0 753 3 226
1 315 5 252 2 652 7 616 0 939 9 536 4 857 3 244 6 978 8 904
0 634 2 279 1 72 3 859 7 709 9 416 5 704 6 411 8 762 4 324
0 840 8 48 3 479 4 655 7 494 9 743 5 407 1 439 6 13 2 762
2 906 7 224 0 245 6 541 3 134 9 506 5 40 8 178 1 875 4 36
3 216 6 146 9 91 2 787 7 542 8 113 0 224 4 595 1 477 5 116
7 608 0 144 1 13 8 610 9 420 5 337 2 332 3 596 6 142 4 554
9 14 2 907 5 641 1 973 3 677 6 580 8 642 4 757 7 685 0 778
1 35 0 142 4 246 5 408 7 833 8 868 6 580 2 521 9 971 3 718
9 987 1 110 6 435 2 326 5 51 8 643 3 449 0 249 4 779 7 367
8 195 5 69 3 946 6 23 7 889 0 148 4 441 2 366 9 756 1 644
5 781 0 26 7 687 3 608 1 136 8 157 6 101 9 270 4 359 2 774
4 754 6 517 2 902 1 453 3 710 9 227 8 23 0 224 7 180 5 289
1 961 2 260 8 632 0 108 4 453 9 163 5 639 7 9 3 860 6 262
6 929 3 596 9 861 7 567 0 473 5 372 4 162 1 230 2 925 8 127
3 778 5 918 0 800 1 893 4 466 8 595 2 149 7 299 9 996 6 875
8 375 9 551 6 705 0 334 3 11 1 323 4 418 7 427 2 727 5 192
7 754 3 984 1 292 6 184 4 784 0 325 5 606 8 656 9 297 2 398
6 556 7 464 4 90 3 515 2 563 9 529 1 954 0 454 8 13 5 234
7 534 4 617 3 71 1 342 0 335 6 673 2 976 9 373 8 46 5 211
9 28 5 726 3 623 8 673 1 489 2 350 7 707 0 88 6 938 4 143
2 575 7 26 6 926 4 288 5 778 3 907 0 997 9 421 8 116 1 186
1 985 4 771 7 850 6 142 0 351 8 514 2 71 3 978 5 417 9 295
1 588 6 326 8 652 4 517 9 983 3 132 2 988 7 960 5 521 0 484
7 488 6 621 9 354 2 324 4 152 5 977 8 703 3 232 0 883 1 365
2 491 7 562 9 613 5 531 6 84 1 742 4 493 3 695 8 540 0 244
1 852 4 453 8 953 2 98 7 473 9 899 6 350 0 29 3 122 5 362
0 263 6 565 5 829 1 775 8 276 4 51 7 925 2 608 9 277 3 823
1 976 8 949 2 180 6 586 9 221 7 213 5 71 3 68 0 283 4 810
8 660 2 923 4 636 6 562 3 720 1 274 9 136 7 923 5 616 0 617
0 550 7 458 1 921 3 191 2 389 8 671 9 778 6 632 4 321 5 833
6 71 5 268 4 962 0 914 7 617 2 471 1 974 8 694 9 944 3 182
8 766 6 741 1 978 3 540 7 637 5 411 0 741 2 97 4 933 9 545
2 17 1 132 9 916 7 337 4 170 5 909 8 628 3 867 0 769 6 906
5 313 0 735 6 809 7 531 4 123 3 606 8 911 1 444 2 875 9 914
8 626 3 487 7 177 6 230 5 922 9 587 0 932 2 835 1 630 4 477
5 908 8 505 2 661 9 345 3 409 4 926 1 86 6 749 7 118 0 798
9 675 2 226 5 455 0 303 3 384 4 632 8 632 7 807 6 890 1 917
1 808 6 420 0 754 2 658 4 642 3 616 8 792 7 74 9 236 5 856
4 701 6 736 2 488 3 615 9 425 7 740 1 384 8 243 0 82 5 745
2 86 8 732 5 134 4 486 3 762 7 468 1 200 6 919 0 980 9 816
6 838 5 599 0 273 4 465 9 491 2 812 3 595 1 111 7 616 8 648
9 841 5 67 4 694 0 519 3 934 8 519 7 927 6 434 1 373 2 317
9 410 6 382 8 994 0 177 7 44 5 209 1 859 3 763 2 300 4 180
1 605 9 629 4 631 5 910 8 811 0 589 2 826 6 146 7 561 3 735
7 679 2 702 9 584 5 379 0 598 3 94 1 426 4 86 8 876 6 958
6 860 0 72 9 649 7 233 8 852 3 329 1 155 5 200 4 279 2 600
7 584 2 66 3 837 0 546 1 873 4 876 8 713 9 219 6 355 5 94
5 472 4 909 1 263 3 138 7 779 9 226 2 64 6 585 8 912 0 807
4 620 3 364 0 314 1 271 8 60 7 692 5 464 9 792 6 126 2 326
5 91 7 407 6 882 3 119 9 161 2 275 0 953 1 799 8 127 4 352
7 657 1 797 5 876 2 171 3 845 8 695 6 840 9 613 0 57 4 420
1 947 0 422 4 643 6 81 5 706 2 215 9 510 7 620 8 300 3 523
6 712 4 800 0 363 9 203 3 331 7 213 8 333 5 301 1 801 2 451
1 562 0 952 5 640 7 27 9 800 8 799 3 725 6 570 2 451 4 335
1 613 4 355 2 536 0 127 6 806 7 976 9 752 8 123 5 732 3 485
2 746 5 565 7 191 3 185 4 393 8 865 9 514 6 201 1 565 0 746
8 998 3 283 6 261 5 78 1 701 7 884 0 690 4 364 9 643 2 854
0 422 4 141 1 607 2 602 7 779 8 134 5 527 9 46 3 585 6 696
1 393 3 947 8 759 9 546 4 438 5 717 7 819 2 940 0 648 6 512
2 924 9 728 8 917 1 115 3 740 6 87 0 36 7 12 4 516 5 78
4 187 7 608 5 871 8 963 2 267 1 405 0 760 3 871 6 475 9 438
0 312 8 826 9 554 7 410 2 615 6 558 3 713 1 57 4 556 5 449
0 428 4 460 8 687 2 626 1 632 3 592 6 956 5 559 9 416 7 654
8 554 3 25 7 650 0 811 9 73 2 733 4 470 1 551 6 947 5 183
8 735 4 268 7 137 2 429 9 882 1 957 6 278 5 725 3 635 0 776
1 912 8 236 7 623 0 466 9 666 4 252 6 636 5 525 3 407 2 945
2 637 9 104 8 818 1 937 7 98 5 483 4 417 0 86 3 428 6 334
0 479 8 521 6 237 5 365 3 776 2 428 1 662 4 554 7 815 9 579
9 978 7 39 3 116 4 656 2 736 6 926 1 489 0 347 8 614 5 487
9 43 0 242 5 856 2 45 4 486 1 618 8 472 6 613 3 665 7 482
9 736 3 204 5 617 0 601 4 323 8 804 2 786 1 620 6 801 7 387
7 431 8 181 4 1 0 945 9 842 5 410 6 9 2 99 1 152 3 153
6 16 8 993 2 452 0 438 7 413 1 304 4 123 9 689 3 729 5 972
2 207 5 919 1 183 7 878 3 781 4 475 0 211 8 22 6 482 9 816
0 336 4 14 8 138 1 157 3 84 2 378 7 809 5 174 9 134 6 135
6 170 5 548 9 464 4 103 1 740 0 96 7 191 3 302 2 837 8 441
8 415 1 853 0 855 9 815 6 140 3 729 5 47 7 123 2 899 4 70
6 588 4 445 9 398 8 757 2 156 0 673 3 479 7 983 5 770 1 616
0 380 8 333 2 764 7 318 9 480 1 150 5 113 4 789 3 115 6 516
5 152 6 718 2 295 3 747 9 387 7 439 4 195 0 271 8 346 1 685
8 781 4 561 1 140 7 319 9 48 0 909 5 249 3 724 6 134 2 347
3 587 1 211 4 110 5 432 2 882 9 517 8 110 0 177 7 726 6 777
4 828 0 692 1 135 9 388 5 54 6 483 3 649 7 802 8 594 2 701
4 548 9 638 2 887 0 178 1 159 7 97 8 202 3 426 5 84 6 66
5 805 6 315 7 935 3 851 8 209 2 326 0 904 9 204 1 517 4 269
9 352 7 703 8 215 2 715 6 224 1 175 4 694 0 823 5 388 3 93
5 98 9 879 2 223 7 664 1 484 3 397 6 56 4 384 8 367 0 480
4 234 7 64 5 888 6 154 0 546 9 790 3 121 2 833 8 649 1 672
7 576 3 477 5 913 2 668 8 751 4 181 6 133 0 395 9 373 1 654
3 241 7 988 2 554 1 544 6 664 0 233 9 407 4 127 8 756 5 520
0 196 4 211 2 847 3 816 7 779 6 796 8 337 9 134 5 33 1 271
5 307 0 355 4 285 3 157 8 183 1 667 9 345 2 142 6 763 7 165
0 38 7 89 3 570 5 850 4 852 8 686 1 458 2 700 6 470 9 35
4 69 0 948 9 236 2 279 1 15 5 320 3 306 7 342 6 766 8 735
8 678 2 26 6 256 4 818 7 511 3 738 0 646 5 170 1 120 9 914
9 413 1 384 8 572 6 174 3 397 7 588 4 668 5 716 2 907 0 637
6 716 7 965 5 617 8 929 0 683 3 968 1 645 4 851 9 393 2 228
0 735 4 871 2 811 1 559 5 684 3 594 8 729 9 895 6 928 7 298
3 465 2 644 8 360 6 559 7 973 9 337 5 478 1 30 0 15 4 461
0 293 6 576 3 924 9 746 4 763 8 883 7 110 5 441 2 311 1 973
3 612 4 120 6 64 9 256 2 292 0 594 1 637 8 574 7 993 5 977
4 699 0 914 6 840 5 242 1 673 2 576 9 675 7 413 3 527 8 139
8 616 7 783 0 461 4 978 6 908 5 214 1 984 9 781 2 937 3 440
6 23 8 882 1 927 2 72 5 860 7 966 3 567 9 567 0 445 4 74
0 770 7 315 5 426 9 300 3 16 6 582 1 218 8 303 4 748 2 798
1 894 9 288 4 284 8 356 5 671 7 669 2 407 6 91 0 419 3 708
6 247 7 999 1 986 8 966 4 310 2 640 0 62 5 751 3 797 9 842
2 705 6 690 3 536 9 601 7 658 8 581 5 333 0 558 4 911 1 678
5 459 4 929 7 134 9 761 1 343 6 81 8 390 3 103 2 833 0 144
7 152 1 172 2 757 9 852 0 203 8 461 3 846 6 19 4 933 5 20
5 517 6 478 2 693 8 530 0 535 3 96 9 757 7 208 1 668 4 756
8 326 3 162 5 891 6 57 9 923 0 513 7 532 4 955 1 551 2 843
9 390 6 718 5 803 0 48 1 774 7 385 2 432 8 212 3 537 4 205
2 418 5 812 3 760 1 305 8 157 9 295 0 179 6 196 4 681 7 291
1 473 7 501 3 369 8 200 4 290 9 666 6 818 2 445 0 663 5 212
8 279 3 109 1 674 0 323 7 73 9 869 2 775 6 43 4 803 5 174
1 772 4 763 5 355 0 905 8 293 9 301 3 365 7 564 6 375 2 887
0 929 5 415 2 655 3 189 4 29 1 451 8 563 6 521 9 574 7 280
0 517 1 697 4 303 7 665 3 129 8 242 9 948 2 575 5 508 6 158
0 737 6 542 8 435 4 264 9 659 2 672 3 982 5 936 7 416 1 804
5 201 9 863 4 410 7 483 1 642 6 24 0 246 2 927 3 586 8 241
8 499 5 440 3 378 1 38 9 150 6 596 4 335 2 480 7 643 0 537
6 599 8 590 9 285 7 810 0 971 3 688 5 646 2 141 1 191 4 868
0 219 7 421 6 332 2 224 3 127 9 329 4 935 5 122 1 144 8 8
8 707 2 399 9 14 1 39 4 865 5 454 3 543 6 240 0 616 7 96
3 711 8 288 6 383 5 95 9 653 4 94 1 94 7 552 2 641 0 915
7 29 0 198 9 730 8 282 5 396 2 781 3 964 4 302 1 842 6 423
9 982 8 714 5 66 6 14 7 241 0 361 4 351 1 135 3 637 2 315
0 552 6 871 5 254 3 760 9 238 7 597 8 147 4 740 2 978 1 588
9 767 2 591 3 979 8 379 4 96 0 344 1 565 5 714 6 869 7 389
0 110 5 675 2 637 9 42 4 875 6 51 3 626 7 331 8 135 1 372
2 589 8 488 5 91 4 768 3 483 6 284 9 264 0 740 7 828 1 673
5 745 2 854 3 268 7 805 0 614 6 429 9 531 4 177 8 364 1 364
0 559 7 187 8 872 1 170 3 985 4 722 2 34 5 17 9 61 6 697
7 94 6 80 2 131 9 547 0 101 8 263 5 778 4 569 3 770 1 511
0 604 6 906 2 17 7 108 8 829 1 128 3 802 5 521 4 381 9 931
6 347 2 190 4 141 7 588 3 707 1 663 9 518 0 936 5 963 8 84
7 92 3 455 9 383 2 25 4 890 0 208 8 762 1 177 6 168 5 915
8 144 7 204 1 359 9 26 0 468 3 434 5 308 4 469 2 10 6 698
2 763 3 560 1 255 7 404 6 91 0 435 5 612 9 176 8 31 4 503
4 866 6 385 1 109 8 800 3 727 9 425 7 367 2 331 0 326 5 481
1 240 0 757 9 949 2 37 7 248 3 373 8 512 4 3 5 536 6 743
6 978 7 782 2 377 5 662 8 20 4 771 9 670 0 69 3 974 1 143
3 154 5 971 7 395 2 587 6 380 8 913 9 57 4 29 1 951 0 128
9 437 1 796 3 126 5 620 8 773 2 768 6 492 4 431 0 623 7 451
6 402 8 459 1 136 9 704 2 10 5 280 4 486 3 951 0 576 7 726
4 326 5 97 9 985 6 296 3 170 7 110 8 827 2 269 0 386 1 401
6 108 9 964 0 635 5 917 4 918 2 875 1 990 3 15 7 151 8 204
4 919 6 751 3 831 7 333 8 381 0 620 2 411 1 738 5 169 9 82
4 287 7 529 9 936 3 347 6 521 8 306 0 443 5 399 1 832 2 841
2 326 6 785 9 282 5 202 3 773 0 89 4 917 1 23 8 393 7 631
8 357 2 273 7 434 9 330 1 700 3 705 0 559 5 861 6 296 4 81
2 714 0 378 3 207 9 396 1 231 6 423 8 965 7 702 4 338 5 706
5 838 4 713 2 303 0 481 3 247 7 54 6 501 9 546 1 550 8 372
5 756 4 268 2 810 9 72 6 414 8 929 7 109 3 394 0 2 1 16
1 277 6 71 3 51 0 251 8 978 5 824 4 415 2 346 9 51 7 414
6 291 4 114 8 393 1 345 2 612 7 853 0 453 9 124 3 136 5 215
5 125 8 590 1 427 9 802 7 433 0 391 6 486 3 703 4 236 2 596
4 761 1 554 6 502 8 338 9 425 7 448 5 318 2 844 0 861 3 304
6 837 2 688 1 826 8 779 0 870 4 956 9 855 5 793 7 673 3 192
7 427 8 969 0 607 6 64 2 265 5 957 4 71 9 721 1 253 3 360
1 327 2 981 5 561 0 645 8 806 3 301 9 529 6 189 4 710 7 306
1 509 2 628 5 520 4 55 6 420 3 873 7 632 9 743 0 636 8 465
9 863 1 102 6 272 2 350 8 926 7 783 0 851 3 729 5 512 4 658
3 481 7 545 8 609 2 119 9 549 6 518 1 931 5 188 0 333 4 87
1 919 0 334 3 818 5 764 8 664 9 551 7 51 2 873 6 699 4 677
1 944 7 616 3 498 4 539 8 772 9 250 5 320 2 502 0 860 6 601
7 496 4 398 1 285 8 13 2 806 9 823 6 194 0 601 3 247 5 19
2 90 7 473 1 68 6 957 3 192 5 123 8 200 4 477 9 900 0 959
0 971 4 83 3 423 5 948 8 80 7 610 2 340 1 752 9 737 6 10
6 65 7 843 4 50 3 450 8 621 9 297 0 419 1 408 5 908 2 618
0 846 3 494 5 141 6 32 4 537 8 819 2 660 7 468 1 558 9 395
4 380 1 814 5 77 7 445 6 636 0 327 2 387 8 967 9 898 3 428
4 435 1 623 9 374 7 905 0 867 2 440 5 133 3 568 8 762 6 863
6 997 2 221 5 254 0 202 4 368 9 559 3 258 7 500 1 618 8 5
4 36 6 511 7 605 0 946 1 596 8 454 5 980 3 542 2 624 9 622
2 516 1 307 6 956 4 609 9 270 7 481 5 191 8 270 3 241 0 174
2 370 0 56 5 292 1 238 3 625 4 913 6 873 8 490 7 164 9 379
0 181 3 640 2 71 4 155 8 204 5 127 7 500 9 475 6 178 1 605
5 19 3 467 7 164 9 240 6 816 1 123 2 589 0 605 8 266 4 231
1 588 0 248 3 332 2 790 7 19 8 864 9 796 4 665 5 754 6 966
2 161 5 405 3 194 1 898 9 562 4 5 6 974 0 874 7 618 8 840
4 75 8 1 1 183 9 490 6 688 3 183 2 737 5 497 0 920 7 658
5 944 1 175 6 900 3 521 0 638 4 846 7 782 8 641 2 707 9 221
8 649 7 198 2 392 6 758 1 68 3 712 5 867 9 776 0 813 4 159
5 73 0 544 3 530 1 316 2 649 6 176 7 250 9 749 8 261 4 801
4 579 5 524 9 276 6 18 0 916 8 862 2 931 3 164 1 794 7 795
3 674 6 969 5 617 8 783 0 162 1 769 2 56 4 804 9 964 7 689
2 455 3 937 9 693 4 200 7 684 6 691 8 333 5 711 0 696 1 94
0 15 4 805 2 41 7 647 8 491 1 628 5 904 3 482 9 855 6 235
2 371 0 244 3 332 8 553 6 949 4 260 1 773 9 979 5 353 7 419
4 586 5 890 6 582 9 668 3 690 1 276 7 84 2 185 0 879 8 197
4 37 8 244 3 995 1 58 2 526 9 543 0 65 6 233 7 364 5 401
1 47 4 416 7 220 8 494 5 895 6 641 3 683 9 673 0 484 2 207
0 564 2 528 5 521 8 241 9 336 6 5 4 365 1 335 7 647 3 612
3 115 5 381 8 852 6 117 0 990 9 939 4 983 1 744 7 490 2 158
7 325 8 640 6 189 4 207 3 642 2 502 0 613 5 318 9 566 1 83
5 75 4 115 7 308 2 977 3 988 0 224 9 319 8 175 1 433 6 174
9 664 0 103 3 852 2 563 4 579 7 101 1 363 6 949 5 760 8 478
9 417 4 894 5 405 6 314 0 479 3 99 8 40 1 304 7 314 2 371
8 729 6 557 2 790 7 313 5 766 4 681 0 377 9 813 1 769 3 366
6 266 7 717 5 348 1 677 3 336 4 323 0 245 8 551 2 686 9 740
5 732 8 261 2 444 1 685 6 177 3 164 9 505 4 689 0 770 7 840
8 740 4 555 0 634 9 340 7 282 5 373 2 662 3 948 1 50 6 459
5 393 1 975 9 573 6 327 8 367 7 788 0 201 3 826 4 686 2 447
0 380 6 323 8 584 4 224 9 157 7 151 2 717 5 929 3 366 1 117
7 62 6 330 3 949 5 348 1 900 4 387 0 290 8 204 9 15 2 741
7 628 8 686 3 426 4 205 2 876 6 361 1 788 0 198 5 971 9 130
2 193 8 202 9 607 3 79 5 783 6 765 7 288 1 240 0 677 4 214
6 729 9 770 3 733 0 826 7 643 2 26 8 115 5 430 4 915 1 690
8 317 3 585 6 283 0 811 4 194 5 365 7 493 9 135 2 87 1 504
7 364 2 841 8 12 1 147 3 13 6 644 5 246 9 518 4 131 0 52
6 197 0 197 8 481 9 445 4 117 7 556 5 735 1 935 3 699 2 58
4 920 9 219 6 845 0 765 7 506 2 964 8 644 5 626 3 604 1 188
4 733 5 751 2 590 7 114 9 26 6 7 0 178 3 133 1 216 8 712
5 240 6 584 3 58 9 21 1 431 7 346 8 890 0 331 2 608 4 392
2 703 7 619 5 852 9 586 6 155 0 291 3 542 4 655 1 35 8 480
6 171 4 373 0 482 7 149 3 358 9 593 8 351 1 753 5 560 2 655
1 186 4 199 3 573 0 975 2 822 8 647 9 441 7 836 6 400 5 509
9 257 7 826 2 5 3 659 1 270 8 99 5 474 4 336 0 291 6 55
0 957 7 660 8 664 4 126 5 785 6 431 2 280 9 818 1 359 3 205
7 517 4 158 0 511 8 48 3 852 5 101 2 478 9 418 6 306 1 568
6 961 1 716 9 469 5 136 7 80 3 968 8 887 2 396 0 166 4 376
7 637 8 695 3 845 2 698 1 919 6 802 0 430 4 304 9 568 5 746
8 366 0 256 4 44 9 677 6 532 5 741 7 609 3 318 2 535 1 951
9 590 7 418 0 596 8 374 6 145 1 950 2 892 3 558 5 893 4 343
4 852 9 799 1 432 2 542 5 719 8 4 0 746 7 830 6 534 3 246
7 249 4 203 0 696 6 485 5 650 2 289 1 388 8 714 9 330 3 774
1 19 0 684 5 986 3 557 2 435 4 981 7 105 8 264 6 645 9 304
1 723 5 897 3 432 8 985 9 959 4 61 0 239 6 592 2 95 7 53
8 413 6 396 7 504 3 347 9 353 5 161 4 418 2 741 1 284 0 149
9 393 3 649 5 879 1 52 7 913 2 926 4 106 6 662 8 928 0 754
4 943 2 826 9 462 8 565 5 341 6 330 7 464 1 81 3 865 0 610
1 657 6 781 8 158 7 494 2 633 9 869 3 237 0 279 4 272 5 439
2 152 0 729 7 883 6 724 4 880 1 12 3 703 8 80 9 70 5 661
9 396 2 344 6 350 7 25 3 944 5 304 1 840 0 149 4 509 8 591
7 41 6 869 0 916 9 655 4 798 2 511 1 904 5 796 3 800 8 171
8 896 3 881 5 467 6 970 9 492 1 225 2 360 0 207 7 913 4 17
5 651 6 854 0 199 1 927 9 767 2 800 7 839 8 486 3 588 4 696
4 122 3 618 6 891 2 245 9 109 8 418 5 456 7 324 1 161 0 879
0 302 4 82 8 670 6 975 7 353 9 627 2 752 5 302 1 789 3 826
0 922 7 90 1 132 6 157 2 902 4 450 3 204 9 187 8 190 5 186
2 422 9 477 8 757 0 165 1 123 4 903 6 751 7 968 5 97 3 194
0 71 2 839 8 915 5 383 6 631 4 862 1 247 3 193 7 842 9 774
4 361 8 992 0 182 6 434 7 253 5 654 3 693 1 213 2 786 9 679
8 122 1 658 0 378 3 450 5 328 2 934 7 909 4 262 9 654 6 358
1 269 3 763 6 839 9 105 0 612 8 279 2 318 5 442 7 257 4 249
9 431 6 157 0 674 8 365 2 473 4 467 3 67 7 916 1 47 5 660
0 629 4 200 9 62 2 823 3 10 6 273 7 552 1 465 5 861 8 31
5 399 7 864 9 430 2 36 1 205 6 650 8 67 0 93 3 704 4 119
5 266 0 957 3 259 1 375 8 218 6 110 4 567 2 794 7 138 9 749
9 578 0 603 3 465 4 264 6 534 2 32 1 333 8 271 5 825 7 752
6 447 1 277 8 236 5 521 9 339 2 521 4 501 3 765 0 885 7 933
5 728 4 360 7 439 9 66 1 882 3 41 0 7 2 886 8 661 6 250
0 861 3 123 2 216 6 478 8 739 1 669 5 710 7 759 9 749 4 920
9 47 1 121 6 743 4 324 7 859 0 134 2 902 5 590 3 754 8 246
3 542 7 868 1 193 4 10 8 875 6 220 0 272 9 421 2 20 5 986
1 215 5 633 4 481 9 836 6 469 3 386 7 93 8 83 0 587 2 160
4 182 9 928 6 693 5 862 1 625 3 521 2 600 8 354 0 203 7 63
2 202 6 457 7 355 0 141 9 810 4 176 1 19 5 199 8 872 3 865
5 540 0 68 1 687 3 392 4 1 8 410 6 759 7 865 2 980 9 981
2 215 0 577 5 517 4 363 9 776 3 949 6 2 1 55 8 845 7 458
8 591 5 600 1 735 2 210 4 758 0 533 6 940 7 816 9 698 3 231
2 159 8 432 0 853 7 987 5 851 4 902 6 778 3 666 1 433 9 401
0 69 8 543 2 209 1 532 5 454 9 149 7 404 4 641 3 132 6 235
6 72 0 490 9 286 8 836 1 757 4 117 5 428 2 943 7 853 3 539
4 85 9 400 3 417 7 630 6 530 5 41 2 110 8 869 1 487 0 833
6 30 0 125 8 122 3 374 4 114 5 629 9 972 2 370 7 525 1 38
9 396 1 296 6 316 4 989 0 403 2 217 7 498 5 167 3 842 8 63
7 680 3 232 5 639 0 142 4 554 6 135 8 431 9 194 1 764 2 954
9 477 8 489 7 875 6 25 0 864 2 997 1 432 3 410 4 859 5 701
2 975 5 64 1 278 3 250 0 446 4 904 9 202 7 810 6 912 8 475
6 786 7 850 3 818 0 425 5 805 9 412 4 893 2 544 8 1000 1 962
7 506 3 664 9 439 1 238 2 860 5 818 8 780 6 177 0 838 4 693
5 144 7 188 2 469 1 748 0 671 6 558 8 872 3 679 9 289 4 874
3 581 8 388 0 18 5 748 6 93 4 187 7 562 2 536 9 655 1 699
0 512 4 558 1 802 6 860 9 522 3 918 5 724 8 490 2 544 7 957
4 880 1 882 5 351 7 849 8 380 6 988 0 745 2 319 9 528 3 934
7 441 6 934 2 235 9 937 4 812 8 639 1 79 5 177 3 267 0 428
9 60 5 942 0 29 1 874 6 811 4 890 7 226 3 828 8 656 2 175
7 986 4 173 9 827 3 758 5 955 1 282 2 568 0 566 8 217 6 514
7 762 2 152 3 512 0 26 8 294 6 739 9 14 4 849 5 59 1 160
1 292 0 333 4 416 7 396 8 2 5 89 9 582 2 869 3 458 6 612
0 797 8 803 6 140 4 742 3 746 1 581 5 201 2 553 7 293 9 693
7 812 6 354 2 960 0 721 4 434 5 803 3 684 1 927 8 570 9 702
9 550 1 276 4 176 5 863 0 591 3 121 2 11 7 103 6 393 8 114
5 190 7 753 1 820 2 668 4 76 3 67 0 737 9 331 8 692 6 515
3 590 6 693 4 948 1 219 5 744 8 151 0 402 2 683 7 343 9 457
1 30 3 1 0 827 6 176 5 707 2 735 7 468 9 9 4 548 8 481
7 15 0 253 8 91 3 961 6 908 2 189 1 53 5 873 4 748 9 259
3 473 8 340 0 968 6 394 7 335 5 282 1 885 2 356 4 765 9 638
6 924 5 782 9 764 8 958 0 654 3 385 2 866 4 47 1 620 7 488
6 649 7 346 2 924 5 545 3 421 8 38 0 960 4 475 1 786 9 211
1 728 5 282 8 643 9 8 7 919 2 777 0 839 6 898 4 684 3 884
4 846 5 138 2 407 3 337 6 858 0 394 8 555 9 947 1 161 7 540
4 187 2 971 9 518 5 478 3 285 7 179 1 535 6 181 0 547 8 776
8 953 9 781 5 584 4 628 1 519 6 203 2 807 7 556 0 450 3 280
5 591 8 733 2 770 7 74 4 604 1 318 9 75 3 736 6 863 0 706
6 67 1 465 7 805 2 868 9 335 8 786 4 628 5 183 0 837 3 115
8 186 6 809 7 725 1 244 9 256 2 324 4 456 3 849 0 812 5 209
4 330 2 751 6 884 0 761 1 813 5 34 9 470 7 513 3 731 8 588
9 845 7 337 6 860 2 492 0 853 4 593 5 720 3 89 1 903 8 200
2 988 9 594 1 977 5 675 8 249 0 435 3 117 7 407 6 91 4 478
8 417 6 579 0 965 7 283 3 415 4 332 1 513 2 725 5 658 9 14
8 109 4 507 1 553 7 900 6 202 9 632 3 992 0 829 2 493 5 464
3 330 8 587 2 784 4 215 7 451 1 105 9 939 6 111 0 722 5 744
0 892 5 181 8 27 9 742 7 286 6 209 4 98 3 740 1 317 2 745
2 876 7 338 8 671 1 585 9 511 3 441 4 462 0 904 6 779 5 380
8 851 6 66 1 864 7 188 9 604 0 534 2 734 4 735 3 926 5 875
6 539 9 748 1 310 0 268 7 702 3 286 5 648 2 804 4 443 8 203
2 915 1 32 5 8 3 591 9 860 8 296 4 420 0 514 7 566 6 858
4 159 2 458 7 20 9 163 5 821 3 502 0 405 8 730 6 668 1 985
4 158 1 116 5 492 2 351 3 357 9 333 0 910 6 311 7 681 8 569
7 93 5 5 6 823 3 727 8 297 0 531 4 408 1 807 2 699 9 763
6 814 1 232 8 699 4 436 5 797 0 240 2 517 9 350 3 742 7 401
5 498 2 795 3 479 8 420 7 906 6 109 0 838 9 853 4 399 1 86
4 148 7 971 0 300 2 504 5 606 1 770 9 37 3 369 8 775 6 887
2 400 3 426 5 458 1 239 4 201 8 276 9 98 7 605 0 844 6 336
5 356 2 134 0 627 7 266 8 588 9 762 1 136 3 681 4 189 6 377
5 788 4 477 3 629 7 775 8 245 6 85 2 92 1 142 0 502 9 877
1 605 5 294 3 312 8 177 4 484 6 228 0 78 7 600 2 152 9 884
2 551 1 991 5 362 0 212 4 469 6 968 8 579 3 567 7 306 9 736
6 437 8 939 3 634 2 690 1 47 4 352 9 675 7 723 0 180 5 308
6 225 1 131 9 93 0 56 8 318 2 500 5 635 7 961 3 398 4 75
6 465 7 915 9 177 4 424 8 597 1 809 0 834 5 403 3 575 2 689
2 157 1 525 6 10 4 192 3 45 9 72 7 240 0 818 5 762 8 756
9 643 1 499 2 145 4 367 5 597 0 919 6 414 3 625 8 33 7 931
3 917 5 681 7 802 9 870 6 398 8 703 1 513 0 655 4 7 2 422
6 484 9 724 1 571 8 181 0 370 4 940 5 344 2 987 7 963 3 42
5 983 0 749 8 164 3 294 4 932 9 254 6 40 2 10 7 629 1 809
3 458 9 750 1 735 5 6 2 512 4 184 0 139 6 39 8 41 7 795
7 8 6 909 5 390 4 579 8 106 1 204 2 838 0 795 3 881 9 760
1 236 3 755 7 916 4 986 0 483 9 633 6 476 8 555 5 154 2 698
3 485 6 203 5 11 9 405 2 639 0 766 4 509 8 205 1 35 7 5
7 489 1 521 2 593 4 373 3 577 8 690 9 438 6 501 5 612 0 592
2 362 8 105 0 775 9 905 6 71 3 798 5 910 4 847 1 318 7 337
2 392 3 685 4 540 0 105 6 287 9 710 7 130 5 710 1 614 8 218
3 258 4 660 8 814 9 797 2 741 7 88 1 249 5 430 6 441 0 973
9 912 3 577 4 912 6 268 8 872 2 929 1 36 0 958 7 102 5 110
5 894 6 278 9 740 3 535 2 294 1 96 7 651 4 204 8 76 0 689
3 376 1 18 0 509 8 601 9 92 6 347 5 289 4 508 7 955 2 866
4 913 3 1000 8 901 9 233 1 895 6 643 5 899 2 375 0 245 7 421
7 930 5 256 8 359 6 566 2 787 3 122 1 989 0 628 4 443 9 306
8 641 9 114 7 61 6 922 3 199 4 272 5 734 0 455 1 177 2 923
5 929 7 826 4 922 2 530 3 680 0 459 8 458 6 476 1 76 9 813
4 264 8 193 0 20 6 27 1 183 3 843 2 633 9 653 5 327 7 72
