1000 10
3 604 5 391 4 534 1 857 8 851 9 896 2 851 7 34 0 546 6 85
8 772 9 620 4 323 2 473 0 23 1 35 6 468 7 807 5 789 3 329
1 400 7 591 5 797 6 922 0 192 2 919 3 298 4 766 9 980 8 721
6 47 3 403 9 771 0 773 5 115 4 983 7 859 1 27 8 80 2 295
9 114 8 287 7 229 1 919 0 171 2 953 3 739 5 983 6 348 4 911
7 788 9 677 5 587 1 602 2 879 6 669 8 1 0 178 3 632 4 786
0 327 3 295 2 901 6 879 4 229 9 765 5 972 7 559 8 450 1 499
7 55 3 381 9 357 0 688 2 90 6 193 4 41 8 306 5 683 1 144
0 840 4 772 2 999 6 119 3 718 8 139 7 486 9 467 1 598 5 854
2 573 7 839 1 155 0 856 9 57 8 995 6 900 3 444 5 227 4 462
5 842 3 563 0 311 1 560 7 678 2 132 4 814 9 143 6 51 8 849
5 36 9 972 4 467 6 425 3 764 2 208 7 838 0 240 8 671 1 288
0 429 6 423 4 51 3 370 9 436 2 857 1 336 7 611 5 309 8 124
9 174 2 7 0 921 5 520 8 730 7 308 6 634 3 607 4 199 1 164
2 717 4 921 3 770 9 757 7 459 0 11 1 782 5 478 8 318 6 395
6 909 1 224 0 592 3 850 4 48 7 758 2 686 8 222 5 181 9 91
5 556 9 843 3 280 4 327 0 923 7 598 2 653 8 909 6 229 1 926
5 601 3 28 0 521 4 247 8 400 7 752 6 226 2 644 9 144 1 285
9 290 2 728 1 789 6 447 5 259 0 361 4 670 8 576 3 654 7 746
9 309 7 999 1 53 2 844 3 980 5 897 4 306 8 352 0 547 6 95
2 75 1 395 4 270 9 772 5 957 3 727 8 338 7 129 6 573 0 81
2 640 0 887 9 62 1 956 3 10 7 809 8 684 5 930 6 147 4 555
6 631 1 746 3 347 7 954 5 251 8 235 0 840 9 634 2 412 4 875
0 960 5 830 4 407 7 516 6 699 1 655 9 916 3 740 8 221 2 420
0 696 8 239 1 817 7 843 6 118 9 715 4 41 3 553 2 973 5 832
0 626 5 708 3 917 8 706 6 956 4 882 2 835 9 988 7 919 1 381
6 485 1 875 7 281 8 358 4 559 2 964 3 204 5 498 0 907 9 715
2 93 4 629 3 318 0 137 1 334 7 626 8 511 5 321 6 958 9 333
4 476 1 151 3 942 5 453 2 837 6 45 8 108 0 897 7 145 9 124
1 84 0 134 9 479 3 395 7 2 4 338 2 581 6 23 5 573 8 104
6 100 2 375 0 661 1 696 9 565 8 291 3 357 7 34 5 412 4 601
1 364 6 39 3 338 7 827 4 661 8 789 9 202 5 776 2 142 0 941
8 417 9 701 6 717 3 954 1 1000 5 224 4 510 0 304 2 733 7 233
8 250 6 638 5 725 3 790 1 242 2 929 7 375 4 657 0 121 9 591
9 426 5 640 1 791 6 405 8 790 3 184 0 970 2 37 4 864 7 983
5 222 9 808 1 663 7 461 4 709 6 556 2 259 0 998 8 610 3 90
9 125 0 839 1 343 2 87 3 233 8 210 7 311 4 916 6 953 5 655
0 78 1 196 5 115 8 169 9 756 3 713 2 891 7 707 6 32 4 716
0 67 2 837 1 497 9 279 4 958 5 47 8 672 6 536 7 572 3 712
6 513 7 589 8 159 4 523 0 57 2 863 9 109 5 655 3 377 1 37
6 998 8 930 0 848 5 429 1 757 4 817 9 535 3 576 2 836 7 351
6 125 5 147 3 408 4 199 8 267 7 534 9 371 1 991 0 514 2 499
7 936 1 267 3 448 2 293 8 137 9 523 5 354 0 307 6 156 4 531
4 123 3 231 6 140 9 485 7 171 1 447 0 548 8 132 2 131 5 415
1 254 7 455 0 580 6 432 2 426 4 529 5 839 8 961 9 2 3 281
6 95 9 241 8 506 5 899 3 907 0 750 4 69 1 266 2 695 7 214
4 778 7 912 0 506 3 127 9 445 1 667 2 723 5 829 6 386 8 390
5 372 7 464 0 53 3 673 8 473 4 222 2 101 1 254 6 338 9 828
4 663 9 42 1 139 7 245 3 198 2 939 8 340 0 700 6 591 5 684
2 653 1 676 9 387 5 234 8 602 6 74 0 614 4 66 3 988 7 667
3 61 7 770 4 663 9 488 6 148 1 72 2 808 0 906 8 501 5 859
6 383 7 123 2 21 3 684 5 690 9 107 1 24 0 688 8 370 4 883
7 741 4 221 6 950 8 242 5 692 0 174 3 109 2 530 1 827 9 365
7 586 1 422 8 176 9 556 6 344 3 666 4 801 5 89 0 92 2 23
7 167 1 387 5 890 8 314 6 217 0 285 4 712 3 527 2 789 9 982
6 863 2 287 7 177 9 233 3 383 4 739 0 336 5 576 8 314 1 476
4 216 9 817 0 417 7 89 6 903 1 58 2 466 8 316 5 478 3 710
2 187 4 426 8 350 5 356 0 281 6 980 9 871 3 784 7 233 1 566
3 744 0 392 5 47 1 604 7 328 2 69 6 165 9 420 4 251 8 756
5 643 0 252 3 472 7 744 6 149 2 9 9 295 8 422 1 530 4 417
3 736 4 269 7 768 0 798 8 342 1 319 2 269 9 311 5 451 6 1
5 281 3 412 8 381 9 123 4 143 7 421 6 278 1 908 2 794 0 768
8 769 9 725 3 500 2 878 1 360 0 296 5 930 7 337 6 883 4 189
5 171 3 620 2 867 8 888 9 951 1 511 0 68 4 499 7 13 6 173
3 569 4 124 5 828 6 300 7 1 0 834 1 211 9 792 8 815 2 505
0 4 7 572 4 39 6 736 1 122 5 326 9 196 2 875 8 92 3 286
6 447 9 314 3 682 8 83 5 618 4 765 2 180 1 122 0 651 7 650
1 722 4 108 6 156 3 69 2 822 7 650 9 7 5 107 8 334 0 775
8 686 6 938 3 45 1 715 5 256 9 632 2 817 0 752 4 472 7 135
0 431 2 899 9 816 6 466 5 666 8 112 1 275 4 751 3 683 7 626
8 895 2 49 7 451 9 134 4 161 5 16 3 3 6 762 0 35 1 943
6 724 9 896 2 312 0 546 3 475 4 345 1 905 8 930 7 396 5 568
1 784 6 799 3 127 4 484 2 608 0 497 8 232 7 177 5 272 9 306
4 192 8 707 6 205 0 483 2 402 7 128 5 828 3 410 9 496 1 25
9 105 0 805 5 291 4 853 6 705 3 46 1 449 7 131 8 52 2 114
1 416 7 993 8 567 3 415 2 537 6 638 9 366 4 650 5 968 0 728
9 358 2 163 4 176 3 914 8 7 5 950 6 131 7 422 1 385 0 430
1 551 4 979 7 550 8 439 6 940 0 331 5 141 2 208 3 514 9 820
4 415 3 548 1 960 8 801 5 546 2 588 6 679 0 276 9 83 7 962
7 453 6 386 2 104 9 708 5 333 4 307 1 563 8 243 0 203 3 676
5 779 2 40 7 941 9 891 0 781 4 890 6 405 3 598 1 392 8 694
3 804 9 537 8 69 6 603 1 457 5 74 2 509 4 416 7 246 0 794
4 260 1 29 3 371 2 291 8 500 7 787 6 956 0 792 5 333 9 777
9 29 4 862 8 767 1 212 6 39 2 893 7 370 0 194 3 986 5 722
3 709 2 634 1 538 7 213 9 283 4 516 6 758 5 273 0 923 8 377
8 11 6 349 2 878 5 614 9 231 4 167 7 300 0 403 3 905 1 288
0 191 2 234 5 350 1 871 7 993 9 150 8 247 6 686 3 674 4 770
8 222 9 931 4 129 1 610 6 759 2 924 5 995 7 994 3 124 0 851
6 586 0 986 7 992 1 321 9 69 2 698 8 853 3 90 4 461 5 304
0 856 4 508 5 575 8 987 1 714 3 997 9 589 6 562 2 530 7 985
3 472 1 390 5 134 2 125 9 712 6 897 7 849 8 603 0 827 4 666
1 710 7 282 4 812 0 903 2 786 9 432 8 179 3 941 5 760 6 543
5 219 7 822 0 942 2 882 9 400 1 871 4 596 3 275 6 303 8 581
6 477 8 946 4 744 2 492 5 446 9 883 0 750 7 52 3 619 1 357
1 975 9 872 0 961 5 651 2 422 6 356 3 246 7 705 8 126 4 290
1 396 0 604 4 177 3 777 8 829 6 910 9 855 2 315 7 705 5 108
5 34 8 730 9 274 4 390 6 222 3 118 7 616 1 35 2 838 0 357
5 369 2 463 0 633 8 591 4 152 6 242 7 748 3 413 9 726 1 933
6 137 9 430 2 134 8 875 3 357 0 454 7 546 4 826 5 95 1 123
5 388 4 646 2 179 8 724 9 111 6 648 1 967 7 505 3 619 0 720
5 933 3 962 9 286 0 428 2 663 4 589 7 304 1 795 6 841 8 630
2 984 5 482 7 192 0 541 4 514 6 554 3 233 8 583 1 986 9 125
6 852 5 962 1 985 7 195 4 566 0 194 8 246 2 101 9 830 3 1000
3 113 8 901 2 791 0 933 4 512 5 560 6 540 1 59 7 428 9 249
8 59 7 84 5 582 1 956 6 336 2 602 0 571 4 835 9 922 3 50
5 559 2 728 8 666 0 565 3 654 1 96 6 87 7 525 4 397 9 744
9 887 8 976 0 422 6 135 7 392 3 356 4 490 2 904 5 381 1 368
6 497 3 322 8 900 7 538 1 118 4 885 0 260 5 194 2 806 9 211
8 243 0 306 1 126 3 209 4 29 5 872 7 4 9 465 2 498 6 762
5 606 6 910 0 110 7 613 4 503 8 490 9 932 1 938 2 392 3 311
0 716 1 582 5 211 4 272 7 817 6 996 2 730 8 4 9 1000 3 305
0 830 5 999 3 266 4 155 8 484 2 940 9 322 1 999 6 626 7 266
9 42 6 557 4 319 2 738 5 600 8 139 3 472 1 963 7 614 0 955
6 606 2 602 9 639 8 97 3 909 1 929 4 869 5 686 0 248 7 530
9 32 5 930 4 600 6 569 3 41 8 193 0 771 7 651 1 252 2 685
5 249 8 791 2 356 3 59 6 882 0 376 9 464 7 941 1 420 4 692
1 659 0 875 3 280 2 212 4 938 7 359 6 915 9 831 5 870 8 428
8 915 0 877 2 225 6 978 4 551 5 998 3 693 7 137 9 385 1 101
3 272 1 326 6 856 9 764 8 492 2 855 7 773 5 877 4 371 0 431
5 735 8 786 3 407 2 503 7 410 4 801 6 823 9 314 1 802 0 168
0 910 3 138 8 454 2 889 1 854 4 964 6 392 7 178 9 290 5 877
9 809 1 139 2 424 8 840 4 776 0 373 7 517 5 501 6 491 3 708
1 115 3 671 5 174 8 944 0 934 7 154 4 632 2 70 9 724 6 726
2 494 6 478 1 674 3 717 4 311 7 848 9 179 5 421 0 262 8 288
0 67 8 595 5 470 6 835 3 706 1 645 4 680 2 53 9 53 7 809
9 63 6 721 7 790 3 967 0 917 1 524 4 171 8 759 2 318 5 758
9 188 7 521 1 994 3 262 2 6 0 608 6 929 8 505 4 661 5 41
6 902 9 790 1 198 2 302 0 646 8 649 5 98 3 1 4 666 7 370
2 102 9 15 6 391 5 793 1 911 3 475 7 895 0 921 8 892 4 948
9 969 8 798 2 796 5 925 0 139 7 892 6 389 3 966 4 207 1 29
7 398 3 180 9 484 4 423 0 389 2 922 1 979 6 416 8 570 5 650
2 186 7 830 3 157 4 820 1 846 9 808 6 35 0 609 8 993 5 930
8 379 2 404 6 19 1 185 0 126 3 646 5 196 4 836 9 685 7 37
0 999 3 586 1 141 4 801 2 747 9 670 5 549 8 323 7 35 6 684
6 768 8 802 9 613 5 151 1 78 7 138 4 896 2 312 3 93 0 723
4 870 6 189 2 132 8 796 7 425 5 227 0 440 9 18 3 730 1 538
5 944 9 785 6 484 8 484 3 107 7 133 0 911 1 345 4 226 2 125
0 889 8 42 4 15 3 253 9 911 1 679 5 428 7 79 2 153 6 983
0 625 1 797 8 715 7 588 9 853 6 502 2 535 3 641 4 173 5 595
8 144 3 201 4 19 7 84 1 826 5 750 9 918 0 59 6 725 2 818
5 351 3 461 0 104 8 429 9 124 6 680 7 27 2 283 4 333 1 854
2 36 7 593 1 563 8 45 4 859 0 956 3 160 9 688 6 569 5 783
7 386 5 189 4 771 3 935 0 306 2 523 6 469 1 364 9 153 8 168
7 401 8 542 5 521 6 565 3 862 9 569 0 401 4 111 1 445 2 919
6 395 2 339 0 215 5 601 8 671 3 861 4 731 7 586 9 835 1 284
3 444 6 783 8 266 2 61 0 470 9 854 5 168 7 171 4 9 1 787
5 72 9 648 6 798 4 401 0 932 3 619 1 6 8 331 2 812 7 342
3 978 2 311 9 11 8 922 1 605 0 843 7 186 6 113 4 318 5 264
0 199 9 728 2 666 6 359 7 753 5 135 1 774 4 140 8 666 3 783
5 650 7 790 3 391 1 135 0 920 6 759 2 148 9 10 4 4 8 375
7 872 0 64 9 790 3 903 8 336 4 167 1 906 6 436 2 464 5 719
6 265 4 747 8 435 2 87 9 648 1 635 5 515 7 727 0 950 3 699
8 260 1 91 2 700 3 881 0 147 7 112 9 717 5 748 4 173 6 366
7 772 6 967 2 402 8 642 5 532 4 35 9 1000 3 599 1 346 0 239
8 883 1 793 0 183 4 551 2 514 6 757 9 667 3 582 5 45 7 888
7 203 0 192 5 946 8 179 1 243 2 273 9 447 4 744 3 62 6 732
2 946 6 843 4 114 1 201 5 421 3 248 9 193 8 575 0 877 7 357
2 145 7 593 6 185 5 963 4 949 3 423 0 175 9 903 8 773 1 420
4 938 6 487 5 257 3 664 7 1000 8 291 9 795 1 905 0 16 2 482
5 825 1 771 3 720 7 534 8 378 0 801 2 493 6 109 4 224 9 294
8 796 6 325 3 467 4 981 0 45 5 738 1 215 7 785 2 935 9 591
6 708 4 154 8 574 9 680 2 499 1 125 5 41 7 23 3 192 0 718
4 680 6 51 1 818 9 668 2 691 0 241 3 672 7 202 8 862 5 950
2 382 9 238 3 713 5 482 1 812 6 599 0 619 8 90 4 792 7 904
0 966 9 899 5 170 8 195 3 461 1 822 4 381 2 748 7 890 6 596
6 166 9 811 8 245 4 447 3 348 5 965 1 399 2 914 7 592 0 928
9 93 6 246 7 566 1 833 3 519 4 27 5 713 0 796 8 216 2 911
9 716 8 39 1 768 0 6 6 925 4 236 2 684 5 590 3 732 7 825
7 263 4 269 8 505 5 613 3 714 0 425 9 324 1 809 2 960 6 260
3 974 5 16 9 205 6 194 7 117 0 52 4 324 2 305 1 572 8 599
2 102 0 756 1 480 8 324 5 768 7 796 9 783 6 856 4 70 3 315
7 860 6 519 9 556 0 726 1 381 3 343 4 140 5 246 8 238 2 67
2 601 9 443 8 102 1 605 6 202 5 102 0 238 7 612 4 250 3 337
4 994 9 285 2 980 7 222 5 296 3 553 8 547 6 561 1 718 0 27
9 1000 1 346 5 216 2 332 0 61 4 659 3 430 8 317 7 582 6 314
1 700 4 488 8 383 0 187 7 532 3 524 9 504 2 886 6 414 5 275
6 822 5 96 1 71 7 865 9 755 4 129 8 471 0 363 3 805 2 209
0 36 8 706 1 748 5 327 4 669 7 579 2 733 3 728 6 57 9 12
3 636 7 72 1 581 8 284 4 870 6 313 9 836 0 280 5 420 2 525
1 176 0 86 2 515 7 665 5 695 4 839 9 761 6 760 3 114 8 134
4 602 3 816 9 799 0 968 7 64 5 334 6 630 2 415 1 225 8 849
8 320 6 319 2 426 1 333 5 675 0 115 7 930 9 103 3 794 4 509
0 817 9 160 8 161 3 169 4 895 1 512 7 591 2 756 6 145 5 672
0 820 1 518 3 637 8 147 4 410 5 937 2 335 6 746 7 679 9 285
1 933 6 83 2 752 0 690 3 813 4 733 8 162 5 961 7 414 9 331
6 378 9 480 2 299 8 314 5 701 1 400 3 508 0 289 7 721 4 868
4 239 3 260 2 818 6 991 5 100 0 813 8 928 7 498 1 174 9 272
0 102 3 98 7 901 2 88 4 574 9 402 8 120 5 155 6 951 1 466
6 631 7 407 9 664 4 236 0 415 5 1000 3 815 2 886 8 479 1 152
4 306 5 169 8 807 9 81 3 799 6 29 7 609 0 938 1 911 2 615
6 759 5 947 7 676 1 48 0 148 2 366 9 612 4 595 3 671 8 284
5 454 1 802 3 865 6 377 4 1 9 373 2 128 8 710 7 851 0 841
0 100 6 553 5 327 8 185 2 678 1 859 9 264 4 716 7 785 3 278
0 786 9 675 1 896 2 104 5 272 6 764 8 503 7 752 3 87 4 727
6 550 7 828 5 954 2 781 4 392 8 557 9 47 0 584 1 674 3 120
5 950 2 444 7 526 1 201 6 874 8 672 3 383 9 374 0 552 4 32
3 447 5 141 0 885 6 386 7 365 2 259 1 340 9 226 8 42 4 714
7 860 1 165 3 818 6 166 0 55 8 599 4 728 2 309 5 663 9 241
1 217 3 553 4 268 9 506 0 123 5 195 2 401 6 65 8 463 7 389
8 332 2 940 0 145 7 171 5 235 1 160 3 208 6 503 9 28 4 398
8 961 5 961 0 317 1 526 9 6 4 783 6 722 7 531 2 244 3 710
2 541 3 803 5 114 4 397 1 728 7 425 9 501 0 922 6 462 8 664
6 904 1 164 8 479 2 198 5 777 7 709 0 490 9 642 4 855 3 745
5 733 2 244 3 183 0 367 9 136 1 872 8 662 4 955 6 103 7 39
9 497 2 757 3 166 7 154 8 400 1 466 6 239 5 283 0 969 4 652
6 358 8 506 5 952 7 361 1 414 4 440 2 676 0 477 9 317 3 724
3 61 2 877 5 914 1 680 4 162 8 290 6 199 9 951 0 231 7 333
9 481 1 101 3 331 7 53 2 516 0 170 8 55 5 938 6 620 4 245
3 675 8 13 0 862 6 506 4 811 9 230 7 125 5 879 1 950 2 369
1 96 5 705 8 263 9 902 0 112 3 261 2 4 7 364 4 816 6 869
9 628 7 82 8 237 1 850 4 694 5 210 2 269 3 569 6 492 0 730
8 404 5 691 1 694 7 871 6 657 3 404 9 899 2 680 0 111 4 264
9 171 5 220 2 799 8 645 0 935 7 346 3 931 1 641 4 906 6 395
8 797 0 649 9 449 7 910 4 62 3 674 2 933 6 208 1 275 5 576
7 946 9 37 2 50 8 513 5 39 0 623 3 402 1 37 6 766 4 850
0 88 9 109 1 382 8 906 4 342 3 156 7 715 6 914 5 350 2 222
0 560 1 210 4 4 3 732 9 930 5 708 6 889 8 433 7 749 2 875
3 484 8 237 9 21 0 232 5 683 1 635 6 91 2 898 7 863 4 1000
4 663 5 801 6 893 3 419 7 508 9 24 0 177 8 739 1 879 2 389
2 821 8 234 7 345 3 717 4 639 5 788 0 836 1 625 9 537 6 91
3 626 8 735 1 954 7 299 0 377 2 359 9 242 5 285 4 595 6 947
5 770 0 938 9 498 7 305 2 682 8 270 6 913 3 536 4 892 1 206
0 173 4 173 1 749 7 999 6 722 2 689 5 900 8 821 9 858 3 912
0 667 6 996 5 272 4 753 2 259 7 919 9 811 1 37 3 748 8 123
5 966 0 694 3 937 7 222 8 620 2 917 9 626 1 825 6 177 4 64
1 755 8 296 0 235 5 830 2 346 9 218 4 999 6 224 3 894 7 457
5 720 0 95 7 634 8 208 4 891 6 724 2 921 9 116 1 942 3 727
9 444 6 544 3 622 0 711 4 863 8 777 1 736 7 690 5 665 2 330
6 615 0 139 5 322 3 845 2 724 8 62 4 407 1 559 9 356 7 408
5 857 7 959 4 75 0 855 6 875 9 195 2 110 1 451 3 594 8 526
6 238 3 345 7 591 1 194 9 41 2 314 8 536 0 366 5 794 4 108
0 997 4 124 9 128 1 44 2 933 7 922 5 213 8 423 3 41 6 850
0 373 4 940 9 232 7 808 2 582 1 767 3 786 8 632 6 38 5 460
9 385 0 314 7 240 5 534 3 896 4 171 8 145 6 884 1 135 2 137
4 519 1 886 9 783 3 986 6 624 7 274 0 568 5 682 8 144 2 949
2 203 0 639 7 685 4 200 6 513 1 914 3 781 5 625 8 722 9 741
8 31 2 603 3 457 7 899 1 639 6 939 4 300 0 817 9 106 5 599
3 466 9 447 1 737 4 181 8 974 2 802 5 827 7 382 6 704 0 545
9 787 7 5 5 778 1 946 3 497 4 512 0 127 2 337 8 20 6 922
1 607 0 204 4 293 7 554 9 432 5 214 8 39 3 299 6 879 2 118
2 138 4 49 6 460 7 251 9 126 3 253 5 323 8 662 0 125 1 237
5 119 3 980 9 369 6 795 2 577 1 439 7 701 8 672 0 198 4 552
4 488 6 333 5 606 7 35 8 371 1 150 3 169 9 534 0 332 2 676
8 268 7 935 3 43 4 69 1 353 2 818 5 98 0 705 9 357 6 532
6 985 0 596 1 58 3 606 4 391 2 451 8 533 5 449 9 669 7 917
0 298 3 907 9 340 1 584 2 347 7 612 4 247 5 964 8 351 6 656
9 811 4 608 6 856 3 440 0 58 1 935 5 469 2 839 7 399 8 422
2 181 0 942 9 412 5 845 6 989 8 316 7 584 3 24 4 105 1 766
2 300 9 137 4 775 1 543 5 652 8 492 3 617 7 188 0 131 6 127
6 696 7 182 2 671 4 699 5 790 1 189 0 155 9 195 8 140 3 398
7 563 0 432 9 706 2 769 4 730 1 782 6 717 3 121 8 696 5 519
8 882 0 912 3 632 5 906 7 369 9 743 2 285 4 936 1 668 6 695
4 524 3 819 7 255 0 807 5 828 8 843 1 698 6 298 9 282 2 261
9 882 4 972 7 897 1 762 0 190 5 633 2 351 3 722 8 852 6 794
3 163 6 956 7 747 2 557 5 867 8 155 0 812 4 343 9 921 1 878
3 530 7 777 2 205 8 988 5 512 1 53 0 774 6 513 4 689 9 899
0 714 8 826 6 115 1 60 4 310 5 337 9 421 3 266 2 871 7 422
7 415 9 698 3 70 4 458 5 241 6 647 2 265 8 776 0 252 1 388
7 855 9 355 1 980 4 478 8 244 6 862 3 871 0 420 5 170 2 300
6 7 7 163 2 400 8 501 1 267 4 498 9 748 0 401 3 356 5 23
8 853 0 852 2 75 1 469 5 236 9 94 7 896 6 843 4 584 3 118
3 421 7 25 4 408 5 138 6 888 8 97 2 659 1 397 9 768 0 584
1 107 5 966 9 855 7 496 6 712 3 873 0 886 4 979 2 121 8 37
5 494 9 198 4 534 7 673 8 994 2 480 0 593 6 795 1 539 3 973
6 706 1 399 9 331 8 467 7 810 5 464 0 154 2 408 3 623 4 982
1 639 0 406 2 590 9 692 5 102 3 349 4 190 6 492 7 248 8 619
7 169 0 218 4 72 9 586 1 270 8 802 5 378 3 798 6 153 2 495
9 150 5 857 1 901 0 673 3 898 2 77 7 296 8 17 4 125 6 390
5 668 3 796 1 568 2 473 7 93 4 146 6 279 8 93 0 342 9 266
1 397 8 605 7 14 5 596 2 174 0 798 3 608 4 714 9 621 6 931
1 41 7 171 3 926 4 547 0 971 6 814 9 910 8 876 5 310 2 288
7 862 4 918 2 965 3 707 8 383 6 30 9 694 5 787 0 927 1 685
0 139 2 381 4 145 9 485 7 654 1 286 6 531 5 536 8 346 3 45
5 105 6 532 2 932 9 230 7 543 3 63 8 904 4 892 1 219 0 171
7 640 5 658 1 817 6 326 0 727 2 359 4 376 9 328 8 812 3 948
8 473 7 34 6 570 0 810 5 560 1 832 2 772 3 765 4 76 9 306
5 558 4 855 2 56 6 717 9 615 8 82 3 628 7 840 1 434 0 734
4 925 8 662 9 3 3 19 5 232 0 376 2 326 1 796 6 879 7 956
9 692 8 848 5 866 0 582 3 831 7 462 1 655 4 9 6 621 2 388
3 996 8 881 9 729 4 596 6 944 2 48 5 492 0 764 7 137 1 788
2 19 7 408 6 729 0 322 9 914 8 542 1 34 4 297 5 774 3 630
6 464 2 109 3 792 9 92 5 686 1 286 8 334 7 676 4 560 0 444
6 155 8 616 4 727 7 833 2 391 3 113 1 292 0 548 9 857 5 703
6 236 1 589 9 632 2 959 0 681 4 690 5 137 8 808 3 305 7 525
0 739 4 154 5 703 7 615 3 102 9 988 1 64 6 526 8 650 2 184
0 608 1 582 6 364 5 693 8 155 4 47 2 507 3 976 9 727 7 10
9 569 3 817 0 78 4 785 2 909 6 461 5 106 1 594 8 461 7 965
6 257 4 728 9 160 0 474 3 440 2 719 5 178 8 460 7 84 1 226
5 457 1 78 2 251 8 114 0 964 7 607 9 561 6 140 4 891 3 39
3 751 0 296 8 505 4 163 2 214 1 42 5 622 9 112 7 568 6 455
4 65 3 360 2 919 6 670 5 699 1 412 0 624 9 320 7 862 8 431
2 175 8 909 0 693 5 874 9 182 3 61 7 229 4 689 1 216 6 743
0 841 3 321 1 383 7 874 4 243 2 44 6 13 5 685 8 294 9 563
6 360 5 789 0 329 7 502 1 127 9 3 8 598 2 123 3 873 4 511
5 456 2 41 3 557 9 149 8 554 7 528 1 643 4 370 0 605 6 144
3 577 9 267 8 170 5 522 0 346 4 610 6 933 1 430 7 834 2 991
7 306 0 826 8 980 6 815 5 938 1 787 9 940 4 827 3 565 2 611
6 328 1 919 4 27 2 744 7 809 9 469 8 294 0 325 5 536 3 13
0 743 4 383 6 379 3 180 7 265 1 814 5 854 2 135 9 563 8 486
3 318 1 386 0 30 4 721 6 194 9 505 7 606 5 962 2 10 8 545
3 774 4 897 0 993 9 460 7 340 5 694 1 663 6 528 2 427 8 404
5 175 2 67 8 152 7 67 3 920 0 485 4 372 1 849 9 854 6 610
6 183 4 759 7 208 5 899 9 214 1 652 2 20 3 327 8 35 0 840
5 967 4 899 3 227 7 199 0 177 9 435 2 350 8 688 1 748 6 875
3 823 8 880 0 141 1 823 4 610 2 416 7 108 5 348 9 613 6 920
5 822 0 193 9 951 6 478 3 50 2 677 1 46 4 871 8 64 7 62
4 261 5 377 8 340 2 459 3 953 1 891 7 202 0 791 9 373 6 673
5 316 7 755 6 308 4 719 8 671 2 590 3 675 1 986 0 252 9 219
6 345 3 518 0 202 8 976 7 174 2 519 5 232 1 646 4 705 9 127
3 424 6 218 0 934 2 480 8 439 9 839 4 916 5 351 7 977 1 381
2 989 6 454 7 626 3 58 4 918 8 901 0 895 5 819 1 78 9 436
1 131 9 816 2 788 5 46 8 910 6 537 0 713 3 53 7 991 4 105
6 708 3 983 8 74 4 149 2 412 0 130 9 4 1 601 7 528 5 113
0 187 6 976 2 690 8 507 5 555 4 221 9 203 1 524 7 387 3 739
7 368 9 42 3 510 0 5 8 633 2 582 5 670 1 763 6 610 4 701
5 906 0 537 9 627 3 99 2 800 6 782 1 66 4 987 7 526 8 54
2 809 4 388 0 394 5 388 1 785 8 747 3 914 7 912 9 517 6 729
1 382 3 145 4 700 6 34 0 889 2 79 9 102 8 954 7 878 5 431
6 855 3 603 1 374 8 124 5 826 2 663 4 800 9 510 0 53 7 718
5 98 7 42 2 90 3 645 9 308 0 942 8 693 4 3 6 996 1 775
4 81 5 793 7 251 2 105 0 926 1 726 6 215 8 290 3 509 9 348
5 890 8 19 2 724 4 570 7 807 0 220 3 940 9 727 6 428 1 875
6 951 9 704 1 699 7 505 0 312 5 270 2 955 8 697 4 387 3 903
6 476 9 798 5 27 4 631 2 992 8 472 1 114 7 891 0 948 3 234
9 931 7 889 4 542 6 219 3 123 2 991 0 864 8 486 1 190 5 327
3 66 1 9 6 974 2 756 4 662 5 503 0 807 8 61 7 189 9 786
4 389 3 354 6 191 7 497 0 151 5 647 2 328 1 249 9 677 8 404
7 45 8 331 0 492 5 670 1 686 9 778 3 650 6 462 4 766 2 223
2 196 7 580 5 677 0 555 6 638 1 976 8 391 9 712 4 138 3 188
1 988 7 796 3 49 0 89 6 384 2 779 5 360 4 229 8 830 9 640
1 802 5 646 9 390 6 208 0 283 7 470 8 310 4 244 3 348 2 338
9 340 3 465 1 458 4 505 5 1 2 309 0 537 6 973 7 88 8 807
1 727 2 953 6 334 0 859 4 243 5 912 8 604 3 218 9 291 7 533
8 528 4 378 2 141 3 717 1 866 5 999 9 669 6 693 0 842 7 197
4 942 2 144 9 982 6 993 3 100 5 753 0 921 8 683 7 461 1 770
6 856 3 546 4 120 8 887 2 46 0 196 9 237 1 602 7 295 5 944
0 692 9 324 2 9 6 195 5 690 1 868 4 342 8 907 3 222 7 695
5 814 7 923 6 658 4 68 8 818 2 227 9 517 1 658 3 523 0 650
6 957 7 225 5 793 3 731 8 514 9 234 2 487 0 715 1 637 4 172
0 980 2 771 3 383 8 804 1 69 5 165 6 742 7 584 4 533 9 615
4 282 0 624 2 118 3 975 8 582 1 497 9 825 6 258 5 106 7 960
1 434 3 398 8 14 9 679 2 655 5 64 4 752 0 135 6 127 7 306
8 894 6 186 4 87 0 117 3 615 9 803 2 911 5 959 1 620 7 341
5 188 9 208 4 909 2 4 3 327 0 839 1 597 6 460 8 354 7 716
2 487 1 373 0 986 8 762 3 954 7 127 6 391 4 635 9 392 5 888
1 425 8 959 5 845 6 23 9 309 2 683 0 210 3 484 7 837 4 250
4 784 6 366 7 798 8 579 3 810 5 832 0 251 9 422 1 212 2 697
9 358 0 652 1 752 2 302 6 183 3 538 8 615 4 423 5 877 7 9
5 540 6 163 7 169 4 862 9 572 2 912 0 418 1 353 3 426 8 283
2 778 9 636 8 831 5 264 0 632 3 698 4 254 7 63 1 215 6 49
2 566 9 579 1 380 6 669 4 264 5 112 0 429 7 459 8 216 3 192
0 956 3 191 9 1 7 42 8 842 1 674 5 777 2 257 4 969 6 307
5 148 4 316 6 730 7 472 9 44 8 455 0 589 1 674 3 549 2 261
7 975 5 643 0 23 8 71 3 134 9 485 6 485 1 302 2 952 4 992
3 866 4 81 6 905 1 879 9 11 7 963 0 442 8 735 2 287 5 325
7 239 2 181 3 155 4 899 5 385 8 563 0 307 1 366 6 730 9 135
5 435 0 694 7 184 9 945 3 707 6 593 8 952 4 614 1 753 2 60
8 804 9 325 5 816 4 932 6 255 2 726 7 166 1 194 0 620 3 498
6 75 5 641 2 511 1 395 7 61 0 653 8 899 4 312 9 217 3 258
4 387 0 229 5 115 2 942 9 668 7 733 6 807 1 460 3 783 8 549
9 521 3 846 1 853 4 951 2 646 8 718 5 522 6 303 7 293 0 553
9 628 4 894 8 360 7 736 6 413 1 568 0 276 3 717 2 212 5 836
5 88 0 278 3 427 2 8 7 19 4 489 9 905 6 382 8 230 1 581
8 742 7 654 0 824 2 168 4 999 5 897 6 256 1 522 3 592 9 592
7 573 9 213 8 238 0 871 6 922 2 904 4 31 3 586 1 757 5 790
0 912 4 890 3 38 9 912 1 974 7 835 8 141 6 292 2 841 5 949
5 28 4 191 6 930 9 718 0 92 8 630 3 326 2 672 7 731 1 677
2 338 5 884 7 546 1 851 4 926 6 978 0 445 3 602 8 470 9 44
4 964 6 398 0 947 8 590 7 87 2 770 1 113 5 828 9 62 3 273
1 81 6 777 2 173 7 383 8 927 9 758 4 135 0 821 5 238 3 167
7 10 2 83 4 223 0 334 9 720 8 637 6 160 3 947 1 126 5 981
7 673 0 865 5 708 1 569 2 177 3 229 8 205 9 496 4 456 6 797
7 713 6 502 0 606 4 915 9 750 3 25 1 424 2 29 5 534 8 344
2 531 5 667 4 433 3 551 9 880 1 100 0 714 6 713 8 712 7 788
3 664 7 995 2 97 0 78 5 219 4 441 1 423 8 898 6 222 9 295
4 342 6 860 2 652 8 534 1 962 3 353 7 146 0 825 5 946 9 254
3 852 0 707 1 337 9 239 5 796 8 518 4 204 6 120 7 62 2 554
2 482 0 596 1 55 6 233 7 933 9 927 5 35 4 939 3 167 8 490
8 373 6 811 4 15 7 675 5 489 0 197 9 643 2 22 3 422 1 194
4 368 2 301 3 7 9 578 8 764 5 287 7 928 0 244 1 141 6 672
8 838 2 285 1 178 3 684 6 639 4 450 9 959 0 441 7 65 5 20
7 294 0 280 4 766 1 168 5 856 9 351 2 829 8 303 6 524 3 415
3 268 6 441 0 158 8 757 1 297 2 897 9 113 4 304 7 480 5 917
0 855 1 86 8 895 9 772 3 732 2 906 5 781 7 108 6 339 4 518
1 345 5 39 9 776 3 353 0 846 4 881 8 813 7 445 2 12 6 113
7 192 4 519 5 386 2 225 6 713 9 388 8 407 3 892 1 730 0 389
7 425 1 4 8 143 6 183 3 332 5 612 4 52 0 601 9 212 2 264
0 422 7 51 9 790 2 344 5 210 4 15 3 304 8 171 6 481 1 215
4 65 3 821 1 453 2 419 6 731 5 583 0 245 9 28 8 253 7 712
2 332 3 826 0 637 5 861 1 672 7 55 8 923 4 66 6 455 9 718
5 304 8 181 2 171 0 155 7 949 6 283 1 430 9 425 3 752 4 497
7 329 6 626 9 354 3 225 8 198 1 270 4 196 5 919 2 637 0 491
2 967 4 199 0 131 9 388 6 722 8 478 5 15 3 434 7 718 1 417
0 119 6 924 7 358 3 869 5 199 1 212 9 266 4 732 2 609 8 888
0 251 7 848 2 680 3 898 5 249 8 704 1 214 6 420 4 327 9 269
3 630 5 131 4 672 9 511 0 836 7 399 8 275 6 825 2 264 1 652
2 258 6 637 9 129 4 184 1 169 8 405 7 22 3 1 0 529 5 559
6 800 3 802 1 668 9 548 2 675 8 618 0 147 4 550 7 419 5 482
2 538 0 476 9 251 6 17 8 285 1 947 3 473 5 750 4 445 7 810
9 382 8 832 4 723 5 234 1 113 2 325 6 613 3 952 0 195 7 885
5 478 3 89 4 69 9 27 7 935 0 761 1 213 8 944 6 691 2 855
6 560 0 675 1 481 9 345 2 353 4 465 8 570 3 735 7 312 5 397
2 171 7 486 3 141 5 436 9 924 0 884 1 172 4 831 6 454 8 971
2 395 8 574 9 764 1 853 5 141 7 598 0 504 3 738 6 59 4 7
3 511 2 800 5 809 4 588 9 782 8 55 1 100 6 767 0 811 7 383
8 363 9 328 4 185 0 577 3 259 7 866 6 947 2 416 1 828 5 163
6 225 2 10 8 729 0 150 3 200 7 806 1 925 4 63 9 52 5 836
2 928 9 226 1 345 5 331 8 362 6 856 7 839 0 739 3 670 4 695
9 500 0 928 8 55 2 956 6 171 1 303 7 833 5 304 4 978 3 576
5 494 1 356 7 329 4 328 3 273 9 627 6 230 2 666 8 543 0 27
4 958 0 90 7 737 2 366 5 910 3 414 1 742 6 147 9 375 8 841
3 750 5 437 0 936 2 565 6 601 7 925 9 205 8 355 1 621 4 80
6 734 4 690 1 311 5 503 2 458 8 291 7 857 3 655 0 114 9 821
2 793 3 853 0 810 7 505 4 594 8 792 1 874 5 20 9 3 6 882
6 243 8 284 2 454 7 420 5 324 3 249 0 348 4 805 9 948 1 114
1 795 2 743 3 834 7 857 4 273 6 807 8 457 0 164 5 122 9 983
6 559 9 361 7 381 0 169 1 685 8 901 2 894 3 986 4 792 5 281
8 924 7 848 2 213 5 961 4 410 1 866 3 412 9 498 6 955 0 99
3 411 9 128 2 182 6 314 1 660 5 337 8 906 7 929 4 513 0 466
8 362 7 847 5 659 6 931 2 369 3 460 9 561 1 233 0 105 4 161
8 750 4 977 3 629 2 906 7 843 1 140 9 263 0 465 6 516 5 619
1 908 0 472 6 183 3 424 9 51 5 411 7 566 8 590 2 980 4 495
8 78 3 767 4 461 1 459 5 808 9 456 2 448 7 178 0 164 6 954
7 712 0 17 6 142 3 648 2 738 8 587 9 273 5 432 4 753 1 959
0 975 6 272 8 369 7 658 9 227 1 143 3 373 4 855 5 933 2 277
9 93 6 848 4 652 7 159 1 311 2 303 0 211 5 331 3 421 8 53
1 530 2 716 6 199 7 110 9 501 0 691 3 175 5 727 8 81 4 202
3 627 6 78 7 402 5 110 8 96 4 941 2 843 9 241 1 929 0 858
7 109 6 136 0 679 8 469 4 296 5 720 1 338 3 710 2 439 9 496
6 230 5 99 1 701 0 3 9 193 2 612 8 126 4 372 3 32 7 51
4 393 2 958 7 946 6 627 8 473 5 615 1 620 9 244 3 739 0 681
5 299 9 855 7 354 6 421 3 424 2 780 8 5 1 740 4 861 0 134
2 930 5 211 1 470 6 416 9 859 8 402 0 539 4 735 7 631 3 129
5 385 2 547 7 148 1 943 0 585 8 98 4 344 3 913 6 728 9 571
8 431 7 828 2 229 4 932 6 623 0 687 1 938 3 137 5 223 9 439
0 194 6 922 3 814 2 176 1 456 5 727 8 168 9 213 4 344 7 490
5 178 7 245 3 351 6 569 1 87 8 586 4 60 0 719 9 371 2 367
8 50 1 286 5 700 4 141 9 302 2 716 0 593 3 530 6 707 7 375
4 163 1 23 8 645 5 437 9 1000 0 708 2 194 6 260 7 518 3 402
0 548 8 59 7 44 3 292 9 260 5 555 4 732 1 755 2 441 6 630
4 749 0 557 8 213 9 394 5 557 6 17 2 80 7 738 3 284 1 698
6 894 9 618 1 204 2 750 3 451 8 404 4 756 0 385 7 15 5 244
2 475 6 771 1 469 4 364 9 521 5 826 8 373 7 165 3 201 0 501
4 577 7 195 5 459 9 103 1 645 2 827 3 551 0 636 6 687 8 212
0 276 9 499 4 118 5 335 2 510 1 240 7 408 3 580 6 597 8 333
0 51 1 618 8 226 4 892 2 268 7 683 9 789 3 28 5 6 6 218
8 249 4 853 2 131 7 738 9 833 5 105 0 542 1 508 3 652 6 546
2 632 5 508 4 468 1 106 7 337 0 249 3 77 8 778 9 503 6 887
3 216 6 803 4 266 5 843 1 143 0 203 7 240 9 626 2 427 8 244
6 843 9 582 2 553 5 743 3 560 7 878 8 75 4 432 1 588 0 945
6 946 7 606 0 111 8 463 2 434 3 337 5 98 1 556 4 942 9 216
1 612 6 826 5 770 3 447 2 152 8 386 7 831 4 906 9 827 0 454
6 304 8 56 3 17 5 334 1 524 4 94 2 207 7 533 9 405 0 382
9 195 3 839 2 605 6 133 5 799 7 33 0 664 4 342 1 957 8 997
5 524 7 582 2 828 0 345 9 908 4 709 6 673 8 899 3 949 1 45
0 809 4 299 6 160 8 555 2 426 9 925 3 62 5 823 1 97 7 457
5 42 8 145 9 678 4 457 7 199 3 530 0 181 6 534 1 114 2 516
3 101 2 231 8 75 1 159 7 795 4 40 6 469 0 217 9 297 5 427
4 413 1 737 7 63 9 645 2 343 5 369 6 531 3 143 8 787 0 869
0 733 1 807 2 447 6 516 5 67 7 659 3 414 8 290 4 12 9 714
8 886 3 263 6 600 5 903 1 967 2 752 7 212 0 171 4 552 9 928
3 516 0 357 6 371 9 754 4 1000 8 496 5 464 2 606 1 457 7 449
5 912 2 382 8 949 6 764 0 64 7 987 1 197 9 58 4 37 3 721
9 968 4 873 8 958 5 940 1 857 0 752 2 789 3 69 6 756 7 893
8 960 6 213 0 86 7 350 4 780 3 84 2 121 9 152 5 97 1 726
2 494 5 919 4 240 8 988 1 277 6 946 3 136 7 226 9 737 0 586
6 352 4 690 3 487 5 519 0 360 1 749 2 340 9 967 7 928 8 809
7 574 6 772 1 978 5 347 9 883 0 249 8 11 4 898 3 654 2 897
5 36 4 686 3 624 7 323 9 159 1 163 6 106 8 894 0 437 2 686
9 849 8 605 4 516 0 562 2 434 7 199 5 686 3 415 1 405 6 751
9 557 2 353 3 439 4 394 0 322 1 184 6 183 5 138 7 100 8 921
0 306 4 902 5 478 2 824 7 505 8 947 1 817 9 688 6 448 3 916
5 249 9 249 0 674 7 673 1 332 4 37 3 568 6 151 8 460 2 159
7 912 2 652 4 158 8 152 9 122 5 325 0 555 3 984 6 206 1 734
4 212 0 781 9 289 8 85 6 426 3 858 1 951 7 3 5 419 2 607
7 618 4 720 8 25 1 249 0 264 6 842 9 604 2 127 3 874 5 601
0 144 7 96 1 825 8 827 2 865 9 299 3 188 4 215 6 442 5 541
4 492 6 48 3 982 7 649 8 440 5 360 1 886 2 23 0 980 9 486
3 632 8 812 5 708 7 526 0 593 4 745 9 983 2 371 6 649 1 555
6 759 1 891 0 924 5 998 7 604 9 119 2 873 4 814 3 952 8 789
5 468 1 844 8 485 2 501 9 654 3 570 7 627 0 148 4 44 6 675
4 246 0 816 8 301 3 946 6 675 2 73 1 92 5 5 9 603 7 632
4 326 3 533 2 57 9 7 7 621 6 421 8 341 5 596 1 723 0 629
1 211 0 748 7 938 5 602 8 949 6 64 9 816 3 19 2 661 4 278
0 665 6 987 8 39 2 30 5 268 7 878 3 627 9 887 1 351 4 249
0 328 6 254 4 879 9 851 2 540 8 586 7 615 5 898 1 872 3 87
5 657 9 587 6 80 4 542 2 907 0 946 3 593 8 741 1 505 7 450
2 19 0 192 4 289 9 153 3 613 5 755 6 211 1 27 7 967 8 546
4 750 1 242 0 347 3 32 7 408 5 151 9 549 8 216 6 478 2 439
4 42 5 116 0 905 7 437 9 660 8 312 6 970 1 248 3 523 2 25
5 740 1 640 0 192 8 319 7 583 3 643 9 195 2 740 4 637 6 134
1 388 8 32 4 581 7 610 0 422 3 211 9 686 6 821 5 279 2 317
8 853 9 514 5 349 7 950 0 575 6 654 4 163 1 861 2 938 3 464
5 24 9 855 3 485 8 460 0 552 1 463 2 968 6 955 7 724 4 700
4 79 5 123 8 181 3 795 0 376 7 663 1 366 9 993 6 659 2 75
2 735 1 29 5 817 9 278 4 694 6 49 3 229 8 923 0 216 7 627
7 96 9 646 1 237 2 148 4 449 5 432 3 609 0 932 6 873 8 887
1 358 2 535 7 859 4 110 3 695 9 16 5 842 6 60 0 200 8 129
6 302 9 931 5 225 4 860 8 6 2 631 0 393 7 865 3 137 1 544
3 759 1 741 6 864 8 982 2 84 0 771 5 843 9 529 7 12 4 633
0 963 4 786 3 508 8 570 1 167 5 690 7 589 9 403 2 825 6 501
9 486 3 205 2 792 8 97 7 504 1 158 0 704 6 881 4 698 5 155
4 734 0 513 1 45 9 198 5 157 3 837 8 290 6 88 7 391 2 10
5 608 1 204 8 829 9 721 3 354 0 992 7 887 6 187 4 516 2 8
0 111 8 326 3 598 5 129 4 807 9 755 1 889 6 231 2 107 7 880
5 814 1 235 0 409 6 937 3 174 4 900 9 805 2 302 8 52 7 64
5 945 0 544 3 695 6 456 1 522 7 102 4 595 9 430 8 85 2 647
1 79 5 883 7 320 4 259 6 786 3 377 8 622 0 179 9 959 2 642
5 10 0 65 9 79 6 748 7 725 8 644 4 565 1 17 3 658 2 468
4 500 6 935 5 54 9 263 3 573 2 504 0 789 7 942 1 453 8 671
5 615 3 392 2 571 1 864 9 234 4 880 0 255 8 666 6 785 7 381
4 158 3 621 9 154 0 22 7 2 6 82 2 742 8 792 5 487 1 419
4 353 8 973 1 248 3 159 2 433 9 507 6 247 5 922 7 987 0 438
5 779 8 223 3 424 2 611 6 100 0 547 4 607 1 834 9 690 7 800
3 13 2 126 6 467 4 474 0 751 8 21 7 148 1 945 9 480 5 887
2 815 9 124 0 174 5 965 8 58 3 686 4 982 1 263 6 576 7 568
2 88 1 241 8 713 6 779 3 277 7 267 4 733 5 40 9 428 0 876
3 358 2 182 0 781 7 722 9 970 5 470 8 613 1 545 4 831 6 294
1 591 5 870 4 738 2 873 0 620 8 934 7 728 3 568 9 225 6 776
3 421 4 391 0 735 2 187 9 395 7 942 5 832 8 757 1 682 6 738
5 605 1 546 4 742 7 912 9 605 3 541 0 550 2 189 8 519 6 254
6 137 3 309 9 768 5 792 1 155 8 670 0 912 2 789 7 445 4 888
9 183 8 609 7 586 2 611 5 270 6 472 4 333 1 29 0 79 3 5
8 504 3 47 1 798 4 272 6 568 9 194 5 721 7 850 2 836 0 875
8 891 5 8 2 148 0 537 7 950 9 850 3 967 6 143 4 662 1 863
6 764 1 562 5 259 3 639 7 922 4 224 2 559 8 396 0 899 9 539
9 590 2 414 7 155 5 881 4 682 6 378 1 406 0 329 3 638 8 134
2 863 1 668 4 883 5 555 6 38 8 622 3 86 9 184 7 761 0 120
2 834 0 735 7 307 5 523 9 378 6 630 8 65 1 890 4 927 3 36
0 169 2 828 8 127 6 797 5 190 4 189 1 63 7 892 3 750 9 17
3 607 1 77 4 692 2 484 6 603 8 228 0 73 5 313 7 579 9 973
4 630 9 132 5 112 2 937 3 124 1 350 0 374 8 201 7 389 6 85
3 945 5 186 0 723 4 269 9 504 2 214 8 285 7 127 6 599 1 483
3 539 0 541 9 448 1 34 6 95 5 311 2 697 7 118 4 595 8 645
3 344 6 246 8 793 4 137 0 555 7 65 9 845 5 471 1 285 2 85
6 175 2 693 3 675 8 108 1 621 9 257 7 476 4 732 5 845 0 140
9 902 2 674 6 616 8 377 7 110 5 114 3 899 1 433 4 991 0 149
2 446 9 54 3 204 7 279 0 111 4 698 1 72 5 419 8 673 6 163
8 706 7 366 2 829 3 453 4 527 0 909 6 323 1 893 5 960 9 156
5 282 8 46 7 842 4 300 6 955 0 161 1 172 2 688 3 236 9 549
1 978 4 37 8 728 6 425 0 880 5 227 2 475 7 498 9 531 3 220
8 924 5 582 1 530 4 655 7 547 2 19 3 818 6 953 9 265 0 436
4 342 1 378 3 679 2 201 6 509 7 655 9 679 5 603 8 382 0 33
2 319 0 65 1 598 5 738 3 60 4 9 8 338 6 479 7 666 9 78
0 576 8 886 4 826 6 666 9 216 3 253 5 316 1 697 7 536 2 444
8 28 1 971 5 284 0 233 4 945 9 331 7 101 2 943 3 968 6 48
4 656 5 993 0 655 8 551 6 799 2 840 9 758 3 931 1 725 7 703
1 680 2 971 6 139 5 543 3 334 4 6 0 624 9 412 8 493 7 453
3 557 8 739 9 918 7 676 1 925 6 94 5 475 2 63 0 107 4 998
9 482 0 478 8 535 5 252 6 145 2 749 7 569 1 444 4 633 3 506
0 654 1 262 4 112 7 875 3 655 8 290 2 326 9 459 5 254 6 7
1 593 2 113 9 132 0 888 4 92 3 998 8 326 6 965 5 306 7 673
0 126 4 321 5 241 2 432 7 158 8 613 3 81 1 317 9 927 6 576
6 891 0 74 3 735 9 217 1 830 2 643 7 33 4 107 5 565 8 391
7 287 5 779 2 773 0 666 8 770 9 857 1 442 6 82 3 738 4 905
8 761 5 236 0 625 7 853 6 560 4 547 1 217 2 313 3 98 9 660
0 798 8 562 7 759 6 16 1 214 9 803 3 536 2 191 4 917 5 766
1 879 0 366 8 861 2 684 9 60 5 172 4 627 3 321 7 725 6 287
6 405 2 311 1 901 0 990 7 975 4 173 8 797 3 618 9 612 5 747
1 609 5 446 0 842 2 813 8 921 7 632 9 686 6 906 4 71 3 923
1 703 9 319 5 408 0 746 7 847 2 645 6 979 8 411 3 51 4 380
4 991 0 358 7 11 5 578 9 874 1 633 2 445 3 501 8 907 6 441
2 324 7 992 3 777 0 775 5 758 9 277 4 517 8 836 1 732 6 135
2 569 1 379 3 554 0 763 5 692 9 817 7 862 4 291 8 742 6 91
3 45 2 22 8 725 0 813 7 601 5 272 4 531 6 122 9 807 1 9
9 350 2 773 8 156 1 868 6 863 3 467 0 312 4 606 7 350 5 386
8 931 6 17 4 994 3 802 9 763 0 517 5 199 2 751 1 904 7 626
7 312 2 256 4 367 6 444 8 636 0 751 9 794 5 618 1 540 3 829
1 904 3 693 4 514 0 714 2 49 9 314 5 334 7 645 6 122 8 741
5 482 9 86 7 31 0 834 2 221 6 526 3 982 1 728 4 45 8 855
6 280 9 741 5 445 4 494 0 411 7 8 8 334 2 625 1 178 3 567
9 410 8 246 6 542 1 853 7 836 4 562 3 389 0 959 5 770 2 371
2 529 7 860 3 860 6 819 1 668 8 471 4 871 9 329 0 871 5 746
9 434 7 853 1 442 5 465 6 250 4 992 2 213 8 880 0 785 3 334
9 237 0 225 6 361 7 761 8 515 2 726 4 198 3 395 1 414 5 831
6 705 2 400 4 761 0 641 1 576 8 565 3 719 5 972 7 971 9 913
1 730 7 119 9 954 5 502 6 371 8 881 4 723 2 860 0 651 3 830
6 287 0 571 2 216 5 637 9 756 4 682 7 836 3 187 8 509 1 169
6 552 1 134 2 253 5 879 0 805 4 287 8 498 3 241 9 723 7 388
5 318 4 992 3 602 8 649 6 58 0 350 9 317 7 123 2 211 1 364
6 160 7 536 2 934 0 659 9 870 5 167 1 735 3 573 8 637 4 904
4 21 1 895 3 853 5 407 7 810 0 694 9 251 2 866 8 894 6 522
3 476 4 516 7 131 9 323 5 604 6 501 1 156 2 127 0 103 8 808
3 38 5 718 4 543 0 234 8 544 6 826 7 396 2 922 1 463 9 542
1 617 5 801 0 770 6 289 9 371 7 398 3 821 2 39 8 293 4 534
0 488 7 493 5 342 2 583 4 647 8 70 1 484 6 896 9 141 3 359
2 306 9 999 4 873 5 428 0 413 3 270 8 315 7 325 6 300 1 859
3 408 2 136 9 525 4 730 8 760 0 788 7 213 5 25 6 497 1 295
8 232 4 135 1 325 2 981 6 254 0 162 3 414 7 29 5 646 9 797
9 113 7 346 3 420 8 722 6 552 0 915 5 845 2 777 4 874 1 95
5 452 3 445 1 461 0 361 2 182 7 455 6 676 9 91 4 63 8 42
8 147 9 18 1 151 7 914 2 839 6 662 3 503 0 569 5 59 4 788
1 109 3 656 4 644 5 434 9 304 2 846 6 182 0 271 8 301 7 256
2 824 6 461 9 423 3 709 8 571 1 371 7 533 4 549 5 928 0 187
0 862 6 453 4 622 1 452 8 256 5 546 3 611 7 445 9 93 2 672
9 522 4 983 0 935 8 149 1 659 5 670 3 546 2 879 6 872 7 932
6 831 8 670 3 51 9 74 5 898 1 679 0 269 4 163 2 553 7 726
2 233 0 327 7 357 4 280 3 79 1 289 8 741 5 170 6 565 9 549
3 477 2 170 7 816 4 250 0 638 1 856 5 328 9 895 6 958 8 816
6 737 7 846 4 312 3 286 8 30 0 58 5 895 2 22 1 528 9 886
0 925 1 320 5 876 9 651 4 816 3 469 6 282 7 61 8 915 2 672
1 793 6 995 5 146 2 708 9 137 3 921 7 958 8 693 4 288 0 67
7 665 3 509 9 366 8 681 4 76 0 919 1 620 6 770 2 244 5 432
7 879 4 734 6 812 3 134 2 499 1 116 5 963 0 760 8 794 9 780
8 614 9 976 6 588 7 674 3 16 5 457 4 208 1 767 2 29 0 881
9 632 0 430 2 694 3 548 8 26 5 400 6 343 4 722 7 443 1 981
6 869 8 630 9 87 3 232 1 715 5 380 4 291 0 549 2 723 7 751
1 604 0 449 2 753 8 52 7 448 5 462 9 963 6 702 3 329 4 378
7 245 2 367 3 922 8 547 9 866 6 599 1 978 0 641 5 924 4 340
3 270 5 31 7 844 0 407 4 731 8 40 9 221 2 702 6 641 1 234
2 483 6 444 4 283 8 290 1 233 5 113 0 482 7 452 3 96 9 783
8 9 9 156 6 428 7 898 5 116 3 550 2 407 4 747 0 586 1 62
7 969 2 962 8 649 9 533 3 639 5 861 4 288 1 610 0 496 6 281
3 479 0 272 6 167 1 579 2 99 5 73 7 35 8 292 9 247 4 463
1 994 6 335 0 188 8 322 4 555 7 680 3 320 5 892 9 235 2 979
9 69 5 541 8 216 6 774 0 360 7 859 4 697 1 860 2 474 3 89
5 438 8 727 0 915 2 483 1 644 4 578 6 978 9 876 3 201 7 560
3 33 0 84 9 221 7 243 5 861 6 705 8 569 1 85 4 164 2 312
5 482 0 92 3 759 4 872 8 517 1 814 7 639 9 884 6 151 2 938
8 27 6 707 2 508 7 246 1 383 9 534 5 421 4 258 3 393 0 181
4 127 7 489 0 77 2 990 6 806 1 55 8 241 3 291 9 801 5 411
7 834 8 14 0 982 2 42 5 109 4 964 3 54 9 381 1 882 6 700
9 763 8 577 0 170 1 883 4 462 5 105 2 201 7 685 6 382 3 346
7 414 1 329 0 35 8 251 4 976 3 905 2 48 6 238 5 259 9 293
6 638 8 183 3 896 1 3 5 605 7 233 9 738 2 893 4 813 0 495
0 877 7 104 4 875 5 646 9 201 1 228 6 344 3 20 2 932 8 108
4 275 7 932 2 453 0 980 5 39 9 514 6 76 1 266 8 999 3 845
1 312 2 899 7 597 4 254 9 777 6 923 0 354 5 844 3 643 8 447
6 120 7 273 0 812 3 235 5 299 4 164 2 68 9 627 8 909 1 979
8 803 5 584 7 721 9 429 2 386 1 90 6 872 4 466 0 23 3 396
8 511 4 1000 3 403 0 425 7 794 6 443 1 456 2 928 9 849 5 983
0 740 9 886 2 128 6 525 7 811 8 585 3 493 5 384 4 913 1 149
3 83 9 203 4 644 6 253 7 379 2 833 1 327 0 367 8 682 5 496
9 275 5 924 7 253 1 866 2 473 8 154 0 713 4 986 6 459 3 192
5 287 2 696 1 864 9 430 3 668 0 393 7 838 8 495 4 583 6 94
0 449 7 684 1 308 8 838 2 514 3 374 6 453 5 827 4 427 9 959
8 888 7 590 1 78 2 117 3 868 5 792 0 69 6 284 9 21 4 815
3 637 8 735 5 423 7 441 2 924 1 131 0 47 9 255 6 649 4 88
5 892 1 769 8 90 2 181 9 285 4 330 3 152 0 919 6 780 7 736
0 960 1 437 4 584 3 98 2 459 5 571 9 824 8 342 7 668 6 793
8 851 5 294 6 89 9 112 2 797 0 910 1 691 3 361 4 556 7 917
4 944 7 585 1 137 2 526 0 216 3 548 5 489 8 338 9 236 6 117
6 11 9 835 3 442 8 71 5 764 2 911 7 733 1 483 0 166 4 503
4 930 7 239 1 663 5 956 2 749 3 615 8 574 0 653 9 394 6 979
7 592 5 126 8 863 6 333 4 728 3 809 0 814 2 445 1 190 9 922
6 281 5 699 7 142 3 513 9 102 2 983 0 273 4 657 1 930 8 256
4 9 0 136 7 250 5 712 3 517 2 763 9 932 6 329 8 508 1 48
9 820 3 527 6 175 2 255 8 258 0 864 4 31 1 525 5 161 7 564
9 542 3 278 2 523 7 397 6 969 1 806 0 719 4 195 5 170 8 557
9 365 3 231 4 293 5 77 8 248 1 18 2 448 6 601 7 426 0 753
5 109 3 907 9 998 4 799 8 972 1 834 0 382 6 39 7 841 2 623
3 868 4 868 2 886 0 794 7 38 8 272 9 761 6 174 5 307 1 69
0 869 5 749 3 601 8 803 1 166 6 57 4 665 7 479 2 734 9 529
7 27 8 876 0 813 9 836 4 443 1 40 3 245 6 789 2 165 5 494
7 763 1 58 0 84 2 195 3 601 5 251 4 78 6 215 9 337 8 188
4 379 6 826 9 580 1 231 5 156 0 961 3 977 8 577 7 377 2 796
0 665 3 503 5 259 8 869 1 238 7 637 4 744 6 110 9 124 2 114
0 212 4 823 3 400 1 260 7 484 8 572 9 93 6 339 2 222 5 767
7 717 9 997 2 309 5 167 1 644 0 206 8 233 4 100 3 361 6 17
1 227 5 997 8 974 2 87 3 470 6 232 4 926 9 58 7 656 0 789
9 926 1 831 8 31 0 256 4 556 7 39 3 289 5 210 6 220 2 88
7 116 0 867 9 994 4 812 6 565 8 662 5 169 2 158 1 260 3 536
9 770 6 36 5 627 7 438 1 896 3 165 2 831 8 266 0 856 4 121
0 480 9 649 7 39 8 567 5 275 4 173 6 491 2 127 3 70 1 498
4 99 9 549 5 595 3 679 6 307 1 582 2 142 7 852 8 87 0 635
4 697 5 18 9 560 6 47 7 975 3 138 8 405 1 182 2 772 0 174
5 281 2 540 7 3 0 598 9 546 3 6 6 386 1 761 8 2 4 441
1 472 3 17 9 574 8 334 0 991 4 664 5 396 6 223 7 717 2 868
3 393 2 49 5 756 9 397 4 760 7 213 8 592 6 871 0 319 1 661
1 129 4 17 2 508 8 919 9 782 6 920 3 780 7 729 0 738 5 168
7 684 0 689 4 131 3 681 2 73 9 175 5 364 1 818 6 961 8 627
3 453 6 708 2 932 1 132 7 689 9 709 0 749 8 44 4 269 5 936
0 995 8 381 5 912 1 478 2 589 6 503 7 525 4 355 3 18 9 322
1 525 4 495 7 189 8 931 9 746 6 431 2 119 0 277 5 430 3 639
0 895 3 565 8 587 5 31 2 476 1 929 4 932 6 839 7 84 9 101
5 543 7 744 8 429 3 244 6 150 0 537 4 608 9 400 2 219 1 898
9 581 3 775 2 321 5 929 0 201 6 370 1 521 8 583 7 765 4 986
3 66 4 749 9 673 0 385 7 442 2 960 1 405 5 627 6 873 8 519
8 303 3 959 6 125 4 981 0 992 9 142 1 751 5 423 2 225 7 494
7 364 1 291 2 204 5 83 3 216 6 963 0 869 9 747 8 349 4 541
7 567 2 428 3 338 6 328 5 619 0 309 1 39 8 5 9 163 4 926
2 772 0 95 6 812 7 916 3 520 8 273 1 402 4 997 9 383 5 187
7 877 2 52 5 301 9 56 3 145 8 658 6 624 4 567 0 252 1 777
4 194 5 652 7 705 0 638 9 931 8 811 6 977 2 627 1 893 3 496
7 833 4 302 3 65 8 45 1 630 5 17 0 631 6 145 2 93 9 558
5 730 3 786 9 119 1 503 4 290 8 47 0 514 2 784 7 427 6 748
6 411 3 914 7 147 1 242 9 422 5 900 8 801 0 170 2 560 4 855
8 537 1 926 6 676 0 159 4 356 2 493 9 402 3 482 7 612 5 481
4 294 3 910 9 4 2 727 7 684 6 131 1 278 0 834 5 457 8 985
5 143 9 700 2 732 4 783 1 573 6 434 7 132 3 514 8 704 0 378
8 203 7 975 0 694 4 620 1 304 3 173 9 849 6 530 2 962 5 730
5 163 2 565 4 448 3 256 6 58 8 166 0 790 9 715 7 534 1 662
0 682 7 90 3 262 8 235 1 789 4 487 2 571 5 983 9 725 6 301
8 125 5 358 2 38 3 733 0 769 6 596 4 945 1 469 7 172 9 8
5 885 8 581 2 569 4 873 6 689 9 944 7 174 3 684 0 651 1 796
9 965 8 487 5 19 7 741 6 422 2 981 3 81 4 868 0 826 1 239
5 254 6 775 3 18 1 459 7 686 4 982 2 750 9 11 8 106 0 745
7 641 1 148 4 284 8 289 2 273 3 721 0 715 6 722 5 573 9 396
2 935 4 105 8 192 7 577 1 598 3 424 5 106 9 847 0 365 6 347
4 533 5 772 9 114 2 878 6 660 8 4 3 910 0 781 7 368 1 661
1 88 8 831 5 452 9 601 3 956 2 688 7 504 0 793 6 611 4 810
0 4 8 747 6 884 4 343 1 658 7 200 5 432 9 934 2 5 3 93
7 459 1 79 5 769 4 899 9 359 0 965 6 496 2 197 8 138 3 647
7 619 4 894 2 319 0 650 8 778 1 868 3 890 5 759 9 138 6 61
6 477 7 204 2 173 5 100 3 288 9 826 4 72 1 392 0 853 8 955
4 437 9 185 8 401 0 325 5 657 3 392 7 103 6 56 1 960 2 275
5 503 4 175 6 300 9 233 2 467 8 446 0 549 1 704 7 641 3 377
9 794 8 568 2 701 3 741 1 437 6 899 4 398 5 702 7 493 0 588
7 457 1 435 5 301 9 450 4 723 0 201 8 258 6 503 2 655 3 291
0 897 3 65 9 39 2 315 7 551 4 876 6 264 5 832 8 162 1 513
1 438 0 939 7 453 2 792 4 582 5 335 3 681 6 277 9 867 8 518
7 30 3 690 4 855 1 66 0 153 5 905 9 315 6 767 2 903 8 644
8 611 4 994 6 192 2 979 1 760 9 733 7 767 0 489 3 49 5 442
1 797 0 860 3 500 4 529 5 782 8 807 7 357 9 392 2 987 6 638
0 113 4 302 5 126 1 101 2 877 9 917 8 117 7 308 6 183 3 834
9 677 0 323 8 150 2 353 1 751 6 710 5 534 7 777 3 352 4 886
6 731 5 418 1 11 0 556 4 87 8 143 3 873 7 386 2 278 9 795
9 561 5 336 1 822 3 164 7 50 8 88 2 741 6 223 0 205 4 567
9 426 1 182 2 975 7 736 3 413 6 597 8 708 4 230 5 891 0 405
0 416 7 53 5 226 9 434 6 774 1 798 4 523 3 328 2 971 8 310
5 333 4 901 3 141 2 337 8 165 7 994 9 30 6 288 1 867 0 811
6 292 9 61 7 761 8 145 5 42 1 726 4 965 0 249 3 321 2 678
2 237 0 883 4 896 1 595 7 202 5 968 9 140 3 653 6 372 8 416
2 736 6 253 3 429 0 168 1 317 5 205 7 507 8 341 9 588 4 361
7 365 8 559 6 392 0 394 1 270 2 877 4 234 9 587 5 503 3 657
4 636 9 906 8 391 0 519 1 471 3 645 7 358 2 55 6 223 5 653
1 815 6 229 9 907 8 188 4 108 0 553 2 627 3 887 7 131 5 736
9 939 7 88 8 149 3 367 0 820 2 754 1 103 5 718 4 722 6 281
4 146 3 529 7 360 2 262 8 70 9 166 6 462 5 181 0 251 1 932
2 885 5 203 9 471 0 609 6 505 7 7 3 532 4 77 1 269 8 131
8 801 0 192 6 293 4 135 3 448 1 221 9 532 7 946 5 936 2 298
8 462 6 158 1 713 4 981 9 32 2 735 7 220 5 396 3 68 0 120
3 469 4 985 6 248 2 810 5 665 1 544 0 78 8 9 7 602 9 967
9 942 6 934 0 49 8 449 5 975 7 914 3 234 2 78 1 948 4 270
0 731 9 131 1 363 2 492 6 343 4 777 7 66 8 873 5 535 3 397
2 882 8 458 1 944 6 11 0 806 7 119 5 544 9 64 3 836 4 24
6 345 2 163 9 185 7 27 5 944 1 502 0 116 8 183 3 335 4 479
1 128 8 57 3 142 4 22 6 13 0 168 5 249 2 658 7 537 9 935
6 3 8 708 5 855 9 942 0 912 2 7 1 713 3 597 7 991 4 123
2 82 0 983 8 727 7 45 5 436 9 398 6 881 3 420 1 968 4 713
1 939 7 387 6 365 8 719 3 924 2 382 9 847 0 726 5 907 4 42
4 792 0 301 9 970 1 214 5 189 6 338 7 64 3 152 2 487 8 265
9 637 6 453 3 442 8 129 0 142 1 97 5 234 7 148 2 800 4 495
6 504 0 540 1 313 7 654 8 253 3 325 4 458 5 280 9 750 2 362
4 440 6 823 7 53 3 520 8 970 1 622 5 208 9 569 2 941 0 274
8 907 1 302 2 707 9 812 4 360 6 332 0 979 3 572 5 727 7 433
7 1 0 34 5 408 3 987 9 270 4 524 6 589 1 982 8 338 2 887
0 925 3 536 8 390 5 236 7 291 1 667 2 462 9 962 4 989 6 974
0 683 5 25 8 360 3 232 9 39 7 706 4 329 2 786 6 809 1 384
4 30 3 744 1 161 8 786 6 43 2 324 7 550 0 593 9 449 5 582
9 258 5 825 3 961 6 644 8 855 0 581 2 990 1 474 7 691 4 99
6 304 8 223 0 150 5 721 2 116 4 43 9 876 7 427 3 425 1 360
2 406 1 939 9 309 6 517 4 891 5 707 7 886 3 969 0 652 8 977
7 981 3 42 6 773 0 88 2 405 1 242 4 360 9 799 5 298 8 754
1 811 2 800 6 756 4 742 9 513 7 895 3 794 0 69 8 767 5 661
5 251 7 147 0 924 8 608 3 527 9 132 4 427 6 304 2 228 1 23
9 886 6 825 0 846 2 509 7 600 5 576 1 590 3 517 8 812 4 708
7 650 3 718 2 188 4 339 0 509 1 512 9 570 8 918 5 469 6 671
1 10 8 873 0 171 3 541 4 432 2 787 7 328 6 946 5 398 9 86
3 218 9 123 1 398 6 980 5 606 2 348 8 910 0 967 4 671 7 891
8 889 0 866 1 140 6 187 7 33 5 657 3 152 4 673 9 411 2 633
8 275 7 935 0 795 5 526 9 246 1 179 4 734 2 888 3 180 6 715
3 903 9 121 0 820 8 207 1 649 6 213 2 474 5 626 4 227 7 718
9 861 7 454 8 977 6 804 4 355 1 916 5 847 2 69 0 985 3 141
0 633 9 358 7 983 2 456 3 997 8 638 6 288 4 513 1 650 5 331
6 183 0 993 1 898 3 812 2 828 8 136 9 755 4 386 7 358 5 380
8 307 5 188 2 579 3 724 7 433 0 814 6 259 9 645 1 441 4 572
8 611 6 96 1 143 4 648 5 381 9 839 2 557 7 950 0 732 3 834
4 647 0 473 5 661 6 227 9 188 1 788 3 793 7 217 8 271 2 935
0 207 1 85 7 507 3 115 4 38 2 399 6 101 5 4 9 360 8 971
8 355 6 762 9 195 7 182 5 451 0 28 1 337 3 351 4 870 2 202
3 687 9 292 4 467 1 293 8 66 7 978 0 199 5 245 2 229 6 64
9 146 3 286 5 63 6 313 7 966 2 32 4 914 8 788 0 497 1 898
0 638 4 50 6 617 7 771 3 484 9 355 1 719 8 484 2 895 5 581
1 812 7 709 4 980 0 298 6 800 8 666 3 906 9 36 2 297 5 106
1 980 9 768 8 872 7 604 6 660 5 781 3 208 0 583 2 634 4 719
1 144 7 364 9 97 8 252 2 784 4 394 6 683 3 722 0 544 5 630
3 931 9 732 1 19 8 300 5 792 0 95 7 370 4 398 2 337 6 957
8 710 4 696 0 635 6 277 5 805 1 814 3 128 9 932 2 741 7 115
3 106 9 988 8 743 1 975 5 798 2 119 4 787 6 531 0 443 7 569
9 385 4 572 6 729 3 256 0 616 1 602 7 102 5 793 2 367 8 132
1 539 3 703 6 992 9 579 5 30 8 162 2 165 7 839 0 545 4 378
5 426 6 185 4 527 3 831 9 434 8 806 2 327 1 263 0 6 7 300
8 465 0 314 7 944 9 916 4 949 1 662 2 30 3 749 6 91 5 426
5 809 2 729 0 348 7 505 4 221 9 38 3 272 8 941 1 131 6 235
1 353 7 764 5 138 4 92 2 813 0 636 9 429 8 964 3 49 6 271
1 798 4 31 5 808 8 827 6 79 9 305 2 387 3 137 0 17 7 966
4 226 9 839 5 197 3 815 8 617 6 564 7 960 1 302 2 981 0 952
6 101 5 446 0 102 3 542 7 18 8 273 1 111 4 382 9 611 2 912
2 792 8 747 0 597 9 889 4 869 7 446 6 915 5 152 1 887 3 869
5 69 0 996 1 952 2 724 3 575 6 156 9 940 7 638 8 310 4 350
0 515 6 384 5 500 7 228 1 522 9 762 8 900 2 260 4 458 3 211
8 690 2 747 1 16 9 408 5 777 6 853 7 363 3 232 4 600 0 963
3 61 4 887 8 791 1 393 2 656 0 645 7 115 5 955 9 58 6 467
5 729 7 3 1 51 6 449 0 951 3 514 8 979 2 487 4 518 9 313
8 937 3 238 4 724 2 754 5 958 6 833 0 486 1 840 9 567 7 461
4 362 1 207 0 385 9 835 8 898 3 714 5 647 6 222 2 805 7 104
9 31 6 478 7 591 0 761 3 667 1 55 8 449 4 442 5 388 2 966
5 923 4 731 8 744 6 386 9 150 7 154 1 420 3 995 0 886 2 190
2 677 8 105 7 588 0 961 9 751 3 619 1 426 4 770 5 57 6 891
6 968 3 887 0 920 5 179 9 267 1 756 4 623 2 798 8 189 7 834
7 432 8 333 4 696 5 503 0 221 2 4 9 939 6 165 3 431 1 257
5 975 8 586 1 832 9 504 6 428 2 556 7 692 3 590 0 788 4 526
7 401 5 176 0 649 9 868 3 703 1 934 2 538 6 271 4 578 8 522
4 8 1 365 0 29 9 359 8 431 2 856 7 617 6 72 3 89 5 633
3 660 8 207 2 500 5 233 0 980 1 614 6 468 4 956 7 706 9 397
2 627 7 826 1 307 9 537 6 348 8 939 3 409 5 541 4 423 0 79
7 673 4 15 6 982 5 55 8 142 3 889 1 182 9 907 0 779 2 435
7 466 2 441 3 525 9 794 0 218 6 983 8 686 1 671 5 248 4 541
0 910 2 38 4 707 7 834 3 828 8 489 9 44 1 201 6 963 5 257
5 966 6 63 8 1000 7 385 9 715 1 996 4 663 2 118 3 657 0 988
5 540 2 215 9 467 3 769 0 535 6 53 4 140 8 255 7 314 1 855
2 302 8 563 0 308 9 357 3 416 1 937 4 696 7 838 5 983 6 1000
6 167 3 456 7 459 8 588 5 177 4 939 1 306 2 41 9 475 0 123
3 370 0 774 6 355 7 17 9 440 2 29 5 615 1 196 4 766 8 670
6 451 2 481 7 448 1 195 4 401 5 60 8 655 9 899 3 514 0 826
8 503 0 806 7 539 5 485 3 435 6 154 9 267 2 971 4 64 1 544
8 584 4 771 7 783 6 262 9 450 1 956 2 620 3 826 5 655 0 236
4 420 2 63 8 878 6 195 0 915 7 287 3 343 5 682 9 579 1 662
6 7 7 922 5 521 9 238 4 625 2 925 0 505 8 629 3 952 1 43
1 969 5 143 7 185 2 474 8 459 9 432 3 973 4 422 6 21 0 114
0 765 1 209 4 866 7 568 8 958 6 743 9 531 5 37 3 387 2 936
5 80 9 964 8 386 3 707 0 464 2 341 6 287 7 227 1 449 4 528
3 892 1 368 7 753 5 569 0 450 2 789 4 619 8 648 9 801 6 370
8 461 1 387 6 275 9 750 7 917 5 723 2 167 4 290 0 276 3 120
5 762 1 956 8 179 6 562 7 592 4 391 0 746 9 197 2 55 3 43
2 968 3 279 5 756 0 855 8 436 9 330 7 847 1 152 6 825 4 673
9 202 1 755 0 809 2 888 8 263 4 919 5 489 3 60 6 975 7 960
9 961 4 604 8 942 5 458 6 743 1 803 7 596 2 147 3 857 0 899
5 751 3 586 1 976 4 368 8 420 6 482 0 605 9 966 2 284 7 813
2 603 6 847 0 291 1 391 5 52 3 373 7 180 9 968 8 240 4 368
1 39 4 197 2 328 3 997 6 13 9 21 0 880 5 908 8 523 7 715
8 242 6 100 1 641 4 324 2 216 3 277 7 847 5 350 9 729 0 393
8 677 5 858 2 949 4 640 3 920 0 936 7 60 9 142 6 477 1 6
6 552 8 963 1 950 9 21 3 507 5 944 4 417 0 825 2 546 7 961
9 536 7 226 6 681 8 83 5 747 0 115 4 345 1 259 3 489 2 407
8 636 0 824 4 398 5 123 2 305 9 470 3 782 7 371 6 579 1 264
9 456 0 717 5 308 4 161 6 262 2 916 8 958 7 759 3 744 1 34
1 938 4 493 3 248 2 902 5 378 8 604 9 576 7 222 0 464 6 493
1 903 7 200 4 194 5 901 9 203 6 139 3 605 2 981 8 465 0 717
0 926 2 477 4 512 7 624 3 608 1 293 9 851 6 22 8 15 5 504
3 604 9 693 6 987 7 893 2 894 5 906 1 336 8 603 4 396 0 566
9 122 5 592 4 461 3 959 7 158 8 230 2 224 0 742 1 12 6 515
8 260 6 248 9 97 4 883 7 848 0 243 1 64 5 980 3 922 2 383
3 712 5 894 4 955 0 566 6 401 8 349 1 215 7 833 9 200 2 388
8 842 3 169 4 931 2 976 7 110 6 639 5 462 1 470 9 553 0 56
5 323 9 562 7 924 1 241 0 847 6 365 3 534 8 707 2 361 4 298
7 790 8 186 0 175 9 805 4 696 2 488 1 105 3 968 6 382 5 417
3 30 4 988 1 232 9 666 2 485 0 352 5 471 7 763 8 20 6 769
8 947 6 623 1 940 4 718 2 468 3 156 5 678 0 447 7 893 9 51
5 230 9 794 3 452 6 429 7 822 0 321 8 470 1 479 4 870 2 83
9 704 6 44 1 246 8 733 2 729 4 982 0 190 7 13 3 907 5 473
0 37 5 707 9 952 1 68 8 341 7 85 2 401 3 292 6 376 4 533
2 665 9 87 8 580 5 457 4 744 7 922 1 409 3 558 0 155 6 32
9 404 5 82 6 433 2 903 7 748 4 549 1 825 0 104 8 385 3 995
2 119 8 715 0 884 1 689 3 565 4 981 6 761 5 401 7 742 9 535
7 986 3 227 2 318 4 996 6 22 1 882 8 45 9 303 0 206 5 905
1 322 0 846 7 871 8 776 6 868 5 943 3 259 2 231 9 308 4 477
3 266 5 293 1 302 2 591 0 847 8 845 4 774 9 45 6 893 7 334
6 784 9 272 3 984 5 502 7 775 4 333 0 271 1 338 2 943 8 806
3 927 5 812 2 615 4 277 6 36 9 594 0 341 7 102 8 608 1 23
2 189 0 664 5 982 8 296 9 645 1 247 4 888 7 277 3 112 6 9
2 284 1 97 7 290 5 866 9 5 6 424 4 890 3 463 8 302 0 381
1 315 4 804 5 513 9 821 0 693 3 418 8 206 7 899 2 202 6 65
3 119 1 945 7 658 4 293 2 760 5 736 9 687 8 40 0 596 6 564
6 389 4 452 1 802 9 678 3 537 7 675 2 6 8 199 0 498 5 629
7 532 6 70 8 773 3 109 2 32 4 191 1 626 0 465 9 841 5 9
2 140 1 579 4 180 0 657 8 694 9 497 7 396 3 872 6 905 5 910
0 206 7 206 4 74 9 682 6 803 3 289 2 272 8 893 5 271 1 6
3 643 7 171 4 15 6 683 5 600 8 981 1 56 0 190 9 425 2 900
9 737 4 926 3 57 2 706 6 794 8 836 7 821 5 335 1 54 0 589
2 326 1 357 7 84 5 799 9 572 6 896 0 772 4 781 8 52 3 837
6 92 1 913 8 257 0 790 4 602 7 77 5 985 2 72 3 348 9 566
0 918 3 377 8 763 5 494 1 269 9 113 7 958 6 325 4 59 2 140
7 203 5 442 2 963 3 168 6 184 0 379 9 845 4 298 8 256 1 39
1 369 7 648 2 945 9 996 8 952 0 770 3 457 6 155 5 275 4 793
6 729 8 916 5 245 3 652 9 210 7 422 4 123 0 172 2 444 1 855
3 660 1 123 0 678 8 733 4 460 5 637 2 255 9 95 7 466 6 946
0 219 4 227 9 801 5 296 3 505 2 140 7 804 6 377 8 73 1 671
1 827 8 198 0 603 7 178 3 378 4 976 6 659 5 34 9 272 2 398
2 392 7 192 1 917 0 88 5 419 3 528 4 892 8 103 9 317 6 509
5 728 4 807 7 449 1 660 3 147 6 90 0 105 8 547 9 177 2 689
8 997 9 958 3 340 5 578 0 310 6 846 2 689 4 489 7 976 1 302
2 279 6 172 1 438 8 491 3 176 7 760 9 39 4 951 5 503 0 113
8 526 6 883 4 697 9 338 7 87 3 55 0 273 5 705 1 509 2 359
8 316 0 182 6 233 1 315 3 27 4 56 9 437 5 131 2 542 7 476
0 831 5 717 7 941 8 787 9 57 2 901 4 394 6 158 1 173 3 591
3 298 2 729 4 613 0 732 6 43 5 121 8 744 9 175 7 232 1 955
4 353 9 515 5 679 7 99 0 410 3 347 6 267 1 182 8 14 2 197
0 101 9 860 1 579 4 924 8 253 6 845 3 742 2 392 7 543 5 407
8 553 1 4 2 329 0 273 6 7 3 604 9 633 5 727 7 449 4 321
0 651 1 675 9 145 6 651 2 807 7 404 5 451 8 394 4 449 3 638
7 659 4 224 9 642 1 862 6 129 0 766 3 188 5 695 8 393 2 466
2 203 1 830 8 511 6 154 4 839 9 286 0 400 3 8 5 718 7 33
6 292 0 161 7 310 5 868 3 632 4 779 1 872 9 582 8 480 2 19
0 1000 2 365 3 209 6 369 1 545 8 469 4 11 5 224 7 838 9 381
5 358 1 30 4 362 0 71 3 908 2 132 7 697 8 148 9 772 6 978
4 784 6 74 9 847 0 755 8 111 5 156 7 379 1 704 2 407 3 428
9 525 7 595 5 549 1 799 3 115 4 442 0 326 8 789 2 600 6 414
5 70 6 403 4 760 0 336 8 345 9 727 1 899 3 223 7 626 2 272
2 215 6 968 5 329 7 991 8 765 1 330 4 535 9 829 3 598 0 460
5 422 8 619 3 511 7 478 9 332 4 760 2 799 0 9 1 870 6 979
6 769 8 348 5 424 7 517 4 940 1 204 9 762 2 369 0 16 3 950
5 951 0 315 3 84 7 428 8 839 4 811 2 427 1 83 9 140 6 213
6 116 3 253 9 298 2 526 4 120 5 207 7 912 8 36 0 239 1 905
7 531 9 162 0 707 8 645 4 129 6 231 1 294 3 6 5 74 2 602
4 792 7 118 8 619 6 548 9 728 1 788 3 701 2 138 0 659 5 897
3 834 7 38 0 379 4 117 5 175 6 441 9 47 1 963 8 77 2 39
3 520 0 654 1 794 8 110 9 579 7 598 4 453 6 44 2 706 5 882
2 230 8 621 9 750 1 75 4 35 0 358 7 303 6 347 5 887 3 809
5 451 7 625 8 12 6 125 3 229 9 970 4 114 0 993 2 477 1 678
7 176 2 805 5 446 9 420 8 967 4 324 1 220 3 594 6 247 0 682
1 140 7 661 6 376 0 175 9 126 8 785 4 746 2 317 3 813 5 861
3 176 2 323 1 791 9 695 6 951 5 558 0 951 7 384 8 181 4 97
4 616 1 939 6 277 5 345 0 388 9 855 7 503 2 520 8 747 3 894
9 123 3 772 1 823 8 769 2 838 5 546 7 476 0 955 4 13 6 340
9 589 8 991 7 734 3 373 6 497 5 686 2 463 0 37 4 277 1 265
2 350 4 438 0 667 3 439 7 343 5 769 8 688 1 427 6 580 9 461
8 899 5 174 1 750 7 277 0 536 3 908 9 810 4 293 2 253 6 142
0 639 7 49 6 348 2 787 4 396 9 610 1 535 3 659 8 583 5 374
7 890 8 42 4 743 3 962 6 922 0 846 9 251 2 751 5 228 1 109
2 203 3 71 8 592 4 901 1 204 5 506 6 251 9 137 7 490 0 593
7 212 5 853 0 501 2 446 4 926 9 455 6 494 8 270 3 908 1 378
9 747 5 645 1 772 7 808 6 694 2 444 8 890 3 235 0 692 4 241
3 789 7 968 0 209 5 259 2 854 1 592 6 552 4 631 9 820 8 948
1 808 3 60 5 957 0 869 8 763 7 873 2 703 4 982 6 744 9 110
4 797 2 470 1 888 5 765 7 221 0 430 6 613 3 38 9 358 8 467
7 214 0 105 8 998 3 400 4 896 2 540 1 969 6 955 5 383 9 545
1 607 0 754 9 842 5 402 4 740 8 970 7 716 6 276 3 3 2 212
3 430 9 365 5 164 7 188 6 257 8 852 4 426 1 456 0 210 2 332
4 850 7 769 5 799 9 364 3 877 8 801 1 110 0 78 6 766 2 857
0 732 9 466 3 335 2 837 1 346 6 710 7 270 5 935 8 380 4 332
4 773 7 437 0 244 1 24 5 71 9 512 3 99 6 4 8 526 2 394
0 279 5 394 2 130 8 859 4 568 6 14 1 980 3 711 9 405 7 62
9 296 6 71 8 548 0 830 3 473 2 595 4 558 1 900 7 478 5 897
7 192 5 365 0 410 3 909 6 422 2 770 1 402 8 630 9 882 4 395
2 887 8 192 6 138 7 886 9 283 4 322 0 632 3 27 5 432 1 142
9 203 4 551 6 420 0 713 5 442 1 395 3 17 2 127 8 769 7 257
8 313 0 852 3 860 1 411 4 990 9 801 2 536 7 239 6 887 5 41
1 265 2 203 9 495 3 926 6 926 0 537 5 248 8 837 7 633 4 167
3 797 8 987 0 82 5 662 4 485 1 994 7 203 6 564 9 90 2 61
2 462 8 1000 4 177 6 452 7 195 1 898 3 405 0 971 5 286 9 244
5 12 8 573 0 205 7 673 1 811 6 745 3 958 4 809 2 341 9 758
0 447 6 814 8 654 1 425 5 768 4 574 9 447 7 727 2 722 3 581
1 722 3 249 4 931 0 606 7 228 5 84 9 761 8 357 6 722 2 73
6 300 7 309 3 452 0 320 4 681 5 721 1 743 8 835 9 248 2 25
1 415 7 378 3 463 5 491 6 17 0 819 9 551 4 523 8 846 2 732
5 92 9 593 0 195 3 287 8 267 7 630 4 317 6 176 2 260 1 162
6 875 9 982 5 766 3 284 1 396 4 484 8 801 2 495 0 719 7 186
9 15 8 518 2 409 6 21 7 4 5 740 0 632 1 447 3 109 4 322
0 574 8 700 2 525 4 638 7 282 5 387 9 201 1 564 6 201 3 70
6 725 4 532 7 274 3 102 9 1000 8 463 1 806 2 261 5 699 0 303
7 182 0 257 5 183 4 11 1 247 6 690 2 819 8 707 3 944 9 937
0 293 7 46 2 500 9 780 8 328 6 846 4 235 5 2 3 547 1 29
7 931 9 888 8 595 1 326 2 275 6 757 0 326 5 234 3 568 4 224
1 392 6 437 0 1 5 724 3 404 2 12 8 365 9 374 7 640 4 846
1 533 6 963 4 186 2 476 8 363 5 280 9 57 3 110 0 473 7 687
3 428 4 940 8 623 6 570 7 271 0 757 9 756 1 104 5 893 2 120
1 757 4 33 7 447 8 661 6 780 0 912 5 361 2 390 3 344 9 84
0 990 8 847 4 562 5 418 6 266 1 591 7 456 3 779 2 485 9 138
4 330 1 718 2 56 9 477 8 113 6 242 7 632 3 478 5 479 0 609
0 263 3 365 1 554 8 412 6 185 2 354 4 899 9 943 7 124 5 660
0 115 9 961 6 9 2 347 7 4 8 3 5 696 1 412 3 869 4 786
4 632 5 855 1 136 8 243 9 763 6 325 0 526 7 106 2 679 3 347
8 450 7 38 4 833 0 718 2 450 1 636 5 813 9 322 6 345 3 919
3 256 5 163 0 626 2 169 1 694 9 447 8 631 4 9 7 560 6 710
4 248 1 617 3 669 7 542 0 312 8 946 5 761 6 712 9 80 2 678
3 307 1 521 8 831 7 186 2 80 4 998 5 817 9 158 0 445 6 31
1 683 9 659 2 89 5 838 4 81 6 984 8 337 0 997 3 79 7 992
2 229 7 249 6 796 9 411 1 184 3 38 8 613 5 543 4 862 0 312
1 630 6 123 7 798 2 924 5 666 9 305 3 870 4 105 0 179 8 926
5 229 0 503 7 813 9 751 2 51 3 354 8 933 6 249 1 789 4 186
4 568 2 44 1 245 0 66 3 30 8 261 7 727 9 962 6 917 5 31
8 686 5 68 6 913 4 349 2 436 7 688 0 817 9 855 3 424 1 516
1 13 4 839 7 898 5 460 6 755 0 927 8 450 2 129 9 561 3 968
3 927 2 113 7 509 9 897 1 939 5 164 6 561 0 810 4 947 8 702
4 458 7 932 0 125 8 509 2 951 3 672 9 154 6 977 5 582 1 888
7 227 2 146 8 434 5 14 6 535 1 427 3 449 0 815 4 426 9 954
4 186 5 747 7 234 9 200 6 716 0 460 8 203 2 843 1 849 3 984
4 786 9 381 7 537 1 780 2 479 0 185 6 915 5 183 8 579 3 722
0 6 2 593 3 937 9 312 5 62 6 366 4 945 7 904 8 354 1 187
1 839 5 606 2 690 3 532 0 291 4 530 6 846 9 463 7 353 8 316
1 42 9 537 3 144 7 285 4 342 6 170 8 72 2 524 0 321 5 335
1 644 2 857 6 869 0 285 3 960 5 929 8 181 4 821 7 588 9 319
0 124 3 528 4 197 7 20 6 159 9 320 2 677 8 250 5 698 1 80
7 505 4 138 8 561 6 665 0 353 9 264 5 404 1 122 2 428 3 920
4 702 3 396 7 481 9 752 1 543 6 967 5 306 2 218 8 724 0 76
1 891 6 524 5 536 2 801 3 113 4 797 0 29 8 530 7 485 9 686
4 195 9 594 8 327 0 986 1 233 2 157 5 487 7 956 6 233 3 129
2 519 8 916 7 468 9 489 4 413 5 749 6 55 0 117 3 173 1 366
7 550 0 650 5 354 8 955 6 637 4 481 9 981 2 327 1 766 3 863
2 246 6 912 8 516 3 801 7 303 0 191 1 526 5 657 4 313 9 571
7 759 6 617 8 797 4 169 5 34 2 83 9 461 3 2 1 554 0 258
1 51 5 33 2 144 3 585 0 623 8 799 6 654 4 846 7 118 9 437
8 648 0 179 4 765 7 101 5 522 6 409 9 93 1 326 2 572 3 697
6 345 2 962 0 131 4 880 5 19 3 597 1 473 8 5 9 772 7 956
9 36 0 891 3 906 4 648 8 420 2 622 1 643 5 70 6 358 7 228
7 952 2 756 8 766 4 801 9 661 1 218 3 73 0 166 5 93 6 306
3 752 7 800 9 563 1 93 8 152 6 937 0 723 2 68 4 967 5 501
9 30 0 952 6 825 8 378 1 348 3 134 4 544 5 148 7 556 2 682
