1000 10
5 544 4 742 7 48 6 179 0 624 1 180 8 415 2 784 9 273 3 652
0 248 9 280 5 410 7 181 6 413 1 36 8 298 2 213 3 270 4 568
0 840 8 929 3 984 5 428 6 467 9 119 4 741 2 408 1 780 7 762
4 805 2 203 8 504 6 377 7 819 1 784 3 881 9 860 5 170 0 598
1 995 2 676 0 958 6 699 7 236 8 911 9 535 5 476 4 341 3 492
7 711 0 387 9 533 8 441 5 157 6 894 2 117 4 654 1 570 3 920
6 766 2 885 4 73 0 222 7 70 5 849 9 60 1 48 8 770 3 488
7 233 5 769 0 909 4 375 6 899 3 357 2 975 9 160 8 781 1 823
8 505 7 634 4 929 5 820 6 428 1 286 2 735 0 695 3 113 9 57
2 801 7 570 3 339 1 970 0 339 4 101 9 409 8 834 6 664 5 231
7 983 6 339 0 959 2 758 5 652 3 759 8 612 4 412 9 31 1 414
3 259 5 520 7 874 1 147 0 816 9 46 8 633 4 76 2 506 6 28
6 756 8 684 7 734 9 898 0 959 5 94 2 143 3 822 4 227 1 960
0 362 7 961 1 285 3 362 8 304 4 625 6 148 2 793 5 421 9 3
7 344 9 165 1 326 3 460 0 694 8 123 5 784 4 765 2 680 6 16
1 290 4 513 5 361 0 787 6 268 2 421 3 430 9 124 7 833 8 579
1 800 6 855 9 672 2 482 4 198 7 224 8 409 3 629 0 464 5 82
7 282 4 998 5 478 0 656 3 865 8 535 6 246 2 14 9 972 1 613
2 269 9 541 5 564 1 458 4 709 0 329 6 336 3 301 8 908 7 585
0 318 1 760 9 645 6 99 3 708 8 518 2 872 7 433 5 885 4 679
0 476 9 924 7 199 1 465 6 653 5 515 3 745 2 965 8 112 4 224
1 705 6 531 9 356 0 255 2 755 4 418 8 659 5 564 7 446 3 608
0 45 2 152 7 961 5 330 8 333 4 31 9 275 1 482 3 533 6 298
3 928 6 522 4 317 0 508 7 295 1 585 9 641 2 155 8 128 5 649
1 72 4 116 2 315 9 665 8 320 3 915 7 276 5 6 0 479 6 582
7 754 6 865 2 685 1 365 8 430 3 485 9 773 0 593 5 865 4 592
0 546 3 566 1 911 5 436 2 967 7 990 9 159 8 992 4 830 6 891
2 964 4 535 8 385 5 784 0 902 9 117 6 535 3 932 7 297 1 922
7 751 9 389 0 360 6 356 5 584 2 957 4 970 8 125 1 409 3 540
5 594 2 46 7 228 0 961 3 668 8 542 1 461 9 950 6 83 4 564
2 168 1 239 8 920 5 125 9 312 7 526 4 645 6 570 3 716 0 167
7 488 9 825 3 629 6 779 1 891 0 726 4 314 2 283 5 640 8 669
3 700 0 635 4 865 8 575 7 206 6 568 2 269 5 95 1 723 9 328
9 743 6 464 8 203 0 340 5 721 1 341 3 769 7 500 4 534 2 820
0 564 9 183 6 84 2 616 8 333 1 613 5 736 3 921 4 672 7 372
6 388 5 802 9 227 1 571 2 435 0 983 8 483 3 351 4 662 7 681
5 702 0 903 6 607 1 208 3 948 7 390 2 2 8 779 4 166 9 724
6 35 8 783 0 593 4 257 7 754 5 538 2 644 1 136 9 379 3 379
0 212 4 835 7 666 9 672 6 369 3 217 2 572 5 258 1 105 8 760
2 209 4 633 6 906 8 793 3 246 1 528 5 373 0 959 7 975 9 325
1 94 7 907 2 961 9 807 0 608 6 88 3 781 4 300 5 325 8 278
5 792 4 70 8 811 0 469 2 303 3 554 6 90 7 719 9 136 1 309
7 282 1 298 9 868 0 586 4 298 8 544 2 265 6 788 3 195 5 733
9 724 1 661 5 883 6 629 3 811 4 761 0 253 8 208 2 521 7 2
7 261 1 475 2 466 0 328 5 185 4 644 8 918 3 269 6 932 9 922
3 107 1 386 4 604 2 398 5 490 6 906 7 947 9 842 8 484 0 241
1 586 4 372 8 254 0 872 2 849 3 694 9 591 6 720 7 428 5 910
2 418 5 615 1 56 0 653 8 502 7 476 6 547 3 391 4 651 9 580
2 992 3 526 0 328 8 727 5 410 7 330 9 8 6 890 1 920 4 329
1 851 9 793 2 527 0 383 8 704 7 105 5 941 4 194 6 935 3 839
9 449 4 517 5 516 6 217 8 161 2 591 3 41 7 111 1 755 0 391
1 195 4 884 6 253 0 687 8 588 9 527 5 415 2 418 3 913 7 793
7 862 9 170 0 145 2 138 8 84 1 938 3 838 5 677 4 3 6 925
9 416 7 772 8 761 5 658 1 68 4 289 0 4 3 293 6 212 2 315
9 478 4 138 2 25 3 769 5 276 1 640 0 491 7 486 8 393 6 104
5 969 8 745 7 832 9 377 4 171 2 335 6 574 1 698 0 292 3 832
2 686 0 795 6 158 4 619 8 814 5 456 7 230 9 854 3 110 1 386
4 806 3 230 1 329 7 708 8 881 6 143 5 268 2 711 9 89 0 448
3 635 7 683 0 700 6 127 9 643 5 210 8 981 4 404 2 410 1 58
5 391 4 645 3 850 0 64 2 572 9 774 8 261 6 203 7 428 1 298
6 163 0 44 3 673 7 74 4 6 1 280 9 967 2 361 8 566 5 767
7 65 8 386 3 641 5 228 6 166 0 270 2 866 1 545 4 643 9 542
5 234 0 983 7 130 6 529 4 332 9 463 1 576 3 962 8 18 2 712
4 244 6 754 5 246 3 117 0 610 8 301 2 291 7 634 9 936 1 979
0 665 6 395 2 144 9 758 8 703 5 313 7 740 4 771 3 634 1 650
6 392 9 711 0 524 2 796 5 265 1 991 8 776 4 781 7 404 3 460
0 122 2 906 8 721 6 993 9 956 3 443 5 941 1 498 7 818 4 95
6 535 3 155 0 143 9 713 5 418 8 994 1 672 4 222 7 537 2 26
1 887 2 521 5 978 7 85 6 698 0 797 3 441 8 181 9 425 4 751
5 613 2 263 7 383 0 462 1 599 4 924 9 928 8 64 3 910 6 53
5 761 8 394 2 208 9 19 7 532 1 131 0 587 4 457 6 610 3 53
1 258 6 670 9 99 4 810 5 683 0 858 3 938 2 119 7 605 8 501
1 868 8 511 6 142 3 39 5 375 2 671 9 163 7 735 0 126 4 89
5 73 6 51 4 50 7 335 9 247 8 408 0 749 3 926 2 783 1 239
6 264 3 517 4 554 2 524 0 941 1 536 8 952 7 452 5 398 9 773
7 409 5 307 9 612 2 378 0 101 3 968 4 156 1 537 8 415 6 509
0 604 6 242 9 625 3 814 8 803 5 379 4 897 2 157 1 806 7 358
2 233 8 160 7 854 3 15 5 877 4 752 0 591 9 225 1 933 6 494
2 356 7 52 4 473 6 564 0 150 8 724 9 260 5 590 1 92 3 745
9 282 2 83 6 427 1 511 7 307 5 444 0 766 3 730 4 121 8 455
0 442 6 183 3 46 1 96 2 264 9 833 5 263 4 285 7 734 8 583
9 325 6 245 3 991 1 935 5 706 0 988 2 93 7 33 8 384 4 613
0 353 9 618 4 21 6 669 3 138 2 196 1 371 8 224 5 657 7 638
6 100 0 410 9 333 7 533 3 186 1 716 8 890 4 39 2 708 5 744
9 821 2 903 8 965 4 339 7 986 3 626 0 895 6 911 1 726 5 605
0 213 1 194 6 217 5 841 3 966 9 718 8 739 7 532 2 292 4 334
6 535 4 861 5 260 8 137 2 572 9 132 7 569 1 710 3 616 0 116
9 665 8 525 0 472 4 301 3 81 7 734 5 883 1 506 6 876 2 872
9 109 5 788 7 927 3 527 4 102 2 633 8 344 1 19 0 146 6 645
3 492 5 250 9 532 8 739 6 39 1 785 0 667 7 64 4 702 2 252
4 79 2 796 7 593 1 15 8 260 5 437 9 157 3 264 0 653 6 266
4 46 1 468 8 892 2 210 7 969 9 154 6 534 0 871 3 903 5 512
8 876 4 498 1 685 5 504 2 675 7 667 9 656 0 302 6 869 3 156
7 151 9 313 3 945 0 676 4 225 1 923 6 461 8 667 5 469 2 815
6 804 0 407 5 504 4 910 9 858 2 130 3 296 8 390 7 419 1 421
6 623 5 40 1 612 8 342 4 116 7 428 2 954 9 545 3 140 0 843
0 135 2 694 7 670 4 81 8 371 1 383 3 123 6 917 5 246 9 379
8 172 9 342 7 227 3 620 5 766 6 620 1 49 2 610 0 336 4 951
2 83 0 130 8 397 5 400 6 535 7 814 4 901 1 555 9 828 3 378
2 254 4 349 8 484 7 152 0 912 5 648 9 49 6 713 3 533 1 600
9 956 2 57 4 767 5 857 8 632 0 773 1 124 6 415 3 981 7 92
7 837 8 466 4 25 1 607 6 276 2 988 5 177 3 7 0 715 9 296
2 685 5 89 8 786 7 40 3 513 9 968 1 648 6 515 4 559 0 599
2 355 9 985 4 346 7 881 3 298 8 269 0 734 6 303 5 391 1 134
6 691 0 933 8 202 7 937 9 841 3 970 4 97 5 503 2 333 1 763
0 540 5 503 2 209 7 491 1 276 9 207 4 953 8 920 6 195 3 884
3 721 2 524 9 295 6 4 0 157 7 463 4 857 1 532 8 17 5 686
5 402 8 155 9 135 2 922 4 180 0 930 3 590 1 143 6 78 7 774
2 799 8 543 6 338 4 972 1 3 9 523 3 161 5 983 0 329 7 549
3 414 1 537 7 900 8 13 0 839 4 516 2 936 6 598 5 7 9 68
7 141 4 372 2 681 3 763 0 796 5 685 6 96 9 112 8 366 1 457
9 633 0 117 5 220 7 455 1 666 4 403 3 761 8 293 2 764 6 460
5 68 0 299 1 627 7 565 4 66 9 493 8 406 6 62 2 720 3 28
8 458 9 671 4 270 6 567 5 329 7 233 3 703 2 683 1 559 0 927
1 732 0 4 5 261 3 463 8 464 6 855 4 991 2 896 9 686 7 334
5 241 1 433 2 951 0 990 7 990 4 204 8 944 9 417 6 384 3 350
2 505 7 99 0 764 8 747 3 288 4 243 9 68 6 234 1 579 5 144
6 952 9 107 7 716 1 453 2 63 5 193 8 646 4 522 3 55 0 960
4 942 5 657 7 132 8 91 9 718 3 850 2 429 0 530 6 787 1 995
0 466 1 895 4 333 7 88 6 225 5 739 9 751 8 331 2 872 3 418
8 660 0 288 2 621 9 832 3 434 6 855 7 818 5 566 4 555 1 998
5 996 9 293 2 821 8 899 3 106 7 382 1 772 4 395 6 314 0 139
5 173 3 714 4 151 8 454 0 643 1 239 2 519 6 884 9 615 7 523
8 929 1 269 5 224 6 30 0 796 7 674 2 506 9 918 4 442 3 323
5 498 3 902 4 3 9 85 2 935 0 983 6 478 7 85 1 877 8 165
7 362 1 804 3 684 0 400 8 795 5 142 9 757 6 588 4 112 2 104
8 404 1 656 9 353 0 142 7 888 4 440 3 975 5 726 6 216 2 623
3 419 7 420 2 960 6 357 8 248 0 195 4 721 1 985 5 756 9 693
3 414 4 307 9 329 5 55 1 410 8 257 7 235 2 348 6 527 0 915
3 530 5 637 9 506 7 517 6 542 4 913 2 355 8 321 1 330 0 791
9 296 8 710 4 442 3 693 0 144 2 697 1 286 7 387 5 373 6 222
2 313 4 458 9 923 6 259 0 867 3 394 5 821 7 737 1 657 8 500
0 406 2 592 3 991 6 389 8 205 9 662 4 564 5 412 1 26 7 788
1 235 6 481 0 678 5 694 2 546 4 9 9 159 7 28 8 395 3 914
2 392 9 185 6 248 8 247 3 503 4 87 7 587 5 480 0 335 1 797
9 291 4 458 2 790 0 95 3 491 1 30 5 249 6 232 8 189 7 625
5 532 8 735 6 148 4 136 2 942 3 459 1 343 9 533 0 144 7 435
2 961 7 738 1 614 5 351 8 101 6 273 9 854 4 173 0 174 3 245
4 86 9 401 5 101 0 873 1 442 2 468 3 484 6 571 7 931 8 607
8 671 5 525 9 963 2 284 0 986 1 112 7 252 4 545 6 341 3 52
6 744 4 170 9 629 2 353 3 91 7 779 0 36 1 107 5 581 8 495
2 816 8 46 7 908 3 111 1 593 6 358 0 415 4 98 5 124 9 976
3 445 1 413 9 397 8 75 0 363 7 432 4 497 2 317 5 340 6 493
6 585 4 196 7 818 3 53 5 90 0 401 1 107 2 457 8 58 9 442
4 80 0 130 3 981 6 917 2 943 5 229 1 173 7 788 8 416 9 391
3 824 5 802 9 372 1 136 8 811 2 856 0 401 4 919 6 61 7 340
3 162 8 883 1 158 9 470 6 499 7 160 4 278 0 248 5 915 2 806
1 642 0 786 8 522 9 778 6 401 3 744 5 578 4 719 7 532 2 360
2 194 4 213 8 484 3 731 9 252 1 316 6 750 7 816 0 120 5 917
2 961 3 63 8 714 7 541 9 472 0 193 6 135 4 495 5 963 1 425
6 733 7 149 5 920 4 383 0 112 2 667 1 975 8 713 9 464 3 624
3 123 0 670 5 776 6 537 2 508 7 385 1 634 9 404 8 873 4 454
7 989 9 262 3 970 5 820 1 408 2 745 8 476 6 239 4 985 0 526
4 886 8 953 9 470 0 643 6 761 1 292 3 861 7 433 2 12 5 742
3 415 8 980 9 501 2 122 4 799 0 392 5 371 7 911 1 920 6 212
5 608 3 911 8 324 7 318 4 404 6 86 2 833 0 531 1 365 9 389
3 749 0 353 4 163 2 834 6 931 5 115 1 567 8 582 9 582 7 320
1 740 8 186 0 610 5 568 6 86 4 431 3 506 2 820 9 862 7 73
0 227 7 257 4 207 9 303 1 656 2 257 8 307 6 121 3 847 5 406
5 495 3 30 6 144 1 923 4 870 0 962 7 758 2 361 8 456 9 976
3 974 2 467 1 971 6 113 9 149 7 751 5 514 0 921 8 302 4 98
0 817 5 603 9 800 7 454 4 259 1 665 8 533 2 170 3 179 6 42
0 767 5 766 7 446 8 567 9 422 6 346 4 794 1 955 2 741 3 706
5 616 9 79 8 58 6 168 1 812 2 736 7 379 0 566 3 573 4 270
1 398 3 958 0 344 6 513 2 785 8 768 5 887 9 34 7 857 4 695
3 407 4 835 9 998 2 416 5 119 1 244 8 770 6 840 0 772 7 59
7 554 4 74 6 746 8 239 2 757 5 41 3 756 9 473 1 234 0 192
6 268 3 632 7 127 0 772 9 375 2 912 5 812 4 394 1 647 8 837
8 405 9 354 4 188 0 218 1 990 2 551 7 93 6 800 3 881 5 842
6 136 0 733 3 643 7 267 5 217 1 156 9 532 4 404 8 351 2 994
3 269 6 81 8 578 7 684 5 756 1 279 2 225 9 778 0 387 4 952
8 704 6 424 3 143 9 193 1 630 2 433 0 4 7 624 5 668 4 64
0 526 8 101 4 506 3 781 5 466 6 59 2 20 9 313 7 163 1 499
7 841 4 886 0 952 2 6 9 644 3 525 8 802 1 853 6 19 5 5
6 580 2 271 8 53 0 253 1 419 7 462 4 273 5 430 9 549 3 190
0 873 7 728 1 62 3 107 9 989 5 584 4 717 8 894 2 828 6 450
6 821 5 755 7 22 2 249 9 655 4 762 8 589 3 552 0 661 1 377
0 65 8 636 6 745 5 474 4 138 3 576 1 588 2 78 7 32 9 444
8 267 3 342 7 447 0 836 9 940 1 745 5 671 4 976 2 254 6 47
5 807 9 789 0 406 4 480 3 673 2 327 6 654 7 370 8 233 1 417
1 680 8 126 9 967 0 723 3 720 4 662 2 404 7 726 5 999 6 373
6 800 7 368 5 452 2 546 9 682 1 623 0 149 4 403 8 210 3 827
7 419 6 50 0 480 2 364 5 171 1 470 8 543 4 948 9 313 3 649
4 572 2 267 0 495 1 25 7 872 8 790 6 60 9 190 5 589 3 891
0 823 4 895 8 582 2 244 3 874 1 945 7 518 6 125 9 956 5 413
9 730 6 500 8 303 5 868 2 851 3 876 7 736 1 297 4 684 0 117
9 92 5 348 6 18 2 299 4 215 1 271 3 105 0 505 7 800 8 246
7 315 4 259 8 769 2 280 0 227 9 477 3 963 6 404 5 624 1 380
8 638 6 658 5 877 9 422 7 509 0 392 3 373 4 352 1 432 2 973
1 100 4 708 3 387 0 165 5 352 2 589 8 924 9 18 6 694 7 849
0 970 4 379 6 113 5 833 9 289 7 820 3 62 1 352 2 761 8 513
6 267 8 630 4 454 7 344 1 398 5 600 9 411 0 98 2 921 3 861
9 704 7 646 2 802 8 559 4 490 5 403 3 377 1 716 6 161 0 271
1 635 5 473 9 861 0 320 3 692 8 434 2 201 6 734 4 457 7 728
9 50 3 204 4 211 2 703 6 905 8 745 1 248 7 227 5 4 0 855
6 27 8 911 4 947 0 616 5 660 1 881 7 29 2 319 9 234 3 653
0 595 6 314 2 476 7 277 9 996 5 706 8 591 1 314 3 392 4 692
5 945 4 993 2 617 8 848 1 181 0 173 9 515 3 179 7 984 6 84
9 204 6 651 4 8 8 729 5 813 3 974 1 580 7 142 2 585 0 175
1 285 2 108 5 965 4 791 9 972 6 233 0 437 8 796 7 886 3 492
1 992 9 16 3 930 8 23 2 617 4 689 7 236 0 737 5 95 6 728
1 561 8 848 2 38 4 416 3 698 5 584 9 492 0 918 7 558 6 442
5 192 3 759 1 200 4 356 7 108 2 290 0 600 8 833 6 907 9 386
9 229 8 637 3 749 5 496 7 288 1 678 6 920 4 748 0 292 2 266
1 873 5 949 0 73 6 234 9 688 2 237 3 847 4 800 8 969 7 962
1 584 7 706 6 391 0 522 2 495 4 122 5 955 9 574 8 620 3 433
5 314 7 185 3 473 2 792 6 588 4 598 0 567 8 491 1 537 9 412
0 737 1 370 8 454 7 207 5 58 9 189 6 125 4 243 2 355 3 588
2 347 9 791 5 348 7 496 8 146 0 92 4 900 3 890 1 79 6 657
3 628 7 813 4 742 5 917 0 501 9 410 1 353 2 271 8 74 6 889
2 616 5 149 8 544 0 806 7 714 3 648 6 937 1 88 9 137 4 432
8 760 3 337 2 652 1 65 4 56 9 874 7 253 0 578 6 213 5 79
2 451 0 533 9 139 1 690 3 131 8 480 4 533 6 823 5 687 7 280
4 566 1 963 8 536 0 852 7 940 9 930 5 104 6 93 3 666 2 612
3 304 9 336 1 860 6 179 7 408 2 492 0 853 8 819 5 453 4 527
4 837 2 838 6 636 3 760 1 423 5 851 9 301 0 416 8 286 7 370
0 691 9 531 8 823 4 423 3 31 6 468 2 297 1 345 7 836 5 338
4 681 6 590 1 526 9 317 7 938 5 845 0 188 2 876 8 10 3 639
8 492 4 863 9 752 3 106 2 421 1 268 5 602 0 724 7 88 6 609
9 11 5 137 0 288 6 236 2 880 3 200 8 112 1 746 4 507 7 720
0 659 7 186 1 841 9 819 5 279 8 558 4 887 6 508 3 27 2 541
3 898 8 594 2 544 5 719 7 123 6 945 4 363 1 855 9 361 0 89
2 288 5 238 7 928 9 357 4 498 1 177 8 279 6 723 3 375 0 25
6 223 7 907 8 385 3 603 9 888 0 997 4 591 2 716 1 758 5 259
9 290 0 83 2 832 4 616 3 331 8 819 5 793 7 837 1 882 6 499
1 383 6 758 2 897 9 435 7 113 4 421 5 719 8 629 3 894 0 546
0 1000 7 438 9 360 2 5 8 953 1 368 3 376 4 490 6 282 5 341
6 275 9 224 3 413 7 442 8 129 0 190 4 330 2 829 5 550 1 794
4 213 8 525 1 578 5 808 9 87 6 429 3 147 2 19 0 536 7 156
5 378 4 875 1 127 3 860 2 339 6 603 8 136 7 132 0 237 9 901
2 740 0 661 5 298 8 421 9 671 3 61 1 553 6 919 7 962 4 491
7 151 8 957 4 912 9 889 0 740 1 777 2 310 3 799 5 793 6 484
5 164 2 121 7 719 0 568 8 504 3 327 9 586 1 552 6 241 4 405
2 821 4 234 6 497 1 654 9 951 5 38 3 532 7 962 8 628 0 14
6 853 3 897 5 406 0 234 1 976 4 899 8 2 7 15 9 322 2 165
4 623 8 259 5 980 2 250 9 520 3 927 1 471 0 332 6 19 7 809
0 401 7 749 1 738 3 406 5 637 2 807 4 831 8 680 6 105 9 603
3 509 0 473 8 761 6 546 9 865 4 437 1 345 5 62 7 127 2 453
2 727 5 636 8 81 1 629 9 103 6 369 4 699 3 891 7 496 0 750
7 841 0 90 1 860 2 913 6 417 5 451 3 932 4 121 9 637 8 559
1 394 4 902 7 905 9 764 5 360 6 370 3 428 0 49 2 134 8 832
8 185 0 711 7 457 4 744 5 140 1 878 2 79 6 499 3 10 9 313
0 695 3 353 5 913 7 607 1 844 8 709 9 350 2 679 4 883 6 426
5 406 4 663 2 2 0 149 6 556 7 665 1 712 3 422 8 145 9 955
7 900 0 12 9 306 2 985 4 477 1 843 8 339 6 225 5 184 3 717
0 825 8 123 6 328 1 546 9 198 7 491 4 792 3 341 5 341 2 164
6 836 7 518 9 885 4 331 0 126 8 85 3 930 1 453 2 948 5 417
7 198 5 502 8 686 3 61 4 751 6 487 1 533 9 188 0 235 2 787
8 199 6 177 4 798 1 982 9 559 2 925 3 780 5 891 0 154 7 317
0 450 5 656 3 476 7 535 9 918 8 288 6 105 4 818 2 551 1 997
9 855 6 168 5 926 4 599 7 344 8 473 1 484 2 390 3 782 0 220
1 414 2 256 4 23 8 804 0 476 6 343 3 136 9 821 5 903 7 50
8 558 1 513 6 456 3 6 2 40 0 772 4 493 7 897 5 23 9 600
7 414 4 900 9 703 8 518 2 518 0 426 3 232 5 394 6 461 1 376
7 349 5 9 3 274 9 11 8 421 4 82 1 806 6 769 0 520 2 838
5 876 1 229 9 441 7 989 4 740 3 419 2 82 6 526 8 222 0 59
0 294 4 635 5 980 6 149 9 239 2 535 8 753 3 66 7 455 1 565
3 837 8 867 2 516 1 270 0 418 4 953 5 605 9 734 6 945 7 672
8 393 2 36 3 109 6 32 1 903 5 29 4 794 0 521 9 439 7 579
3 894 0 906 8 863 5 375 6 253 2 518 1 763 9 248 4 275 7 53
0 628 7 798 4 777 5 682 8 912 6 752 9 227 1 6 2 114 3 286
0 137 5 176 3 272 4 980 6 321 2 799 7 979 8 100 1 21 9 662
2 796 1 767 3 920 4 914 0 649 7 327 9 28 5 411 6 134 8 172
5 48 3 940 7 761 0 993 2 941 1 729 9 102 6 506 8 767 4 45
5 313 1 621 2 713 3 877 4 89 8 490 7 809 9 237 0 617 6 336
5 779 4 324 8 923 1 229 3 337 6 110 2 126 0 241 7 991 9 926
0 446 1 568 5 692 2 574 8 538 3 122 7 461 6 541 4 800 9 521
7 508 8 667 2 293 5 310 9 574 4 84 1 393 3 681 6 955 0 526
3 534 4 227 7 38 1 305 9 50 6 705 5 107 0 979 8 778 2 23
0 32 7 965 5 926 2 655 9 172 1 717 6 972 4 861 8 61 3 776
3 332 4 832 6 318 2 748 0 746 1 519 7 213 5 63 8 650 9 989
5 386 9 368 3 294 8 602 0 475 6 288 7 379 2 744 1 36 4 588
2 426 8 631 3 844 1 730 5 82 4 205 0 435 6 94 7 26 9 542
3 256 6 280 4 596 8 347 9 391 5 67 1 429 2 42 7 975 0 956
1 818 9 18 5 234 7 741 3 284 0 58 8 125 4 549 6 556 2 237
1 223 2 358 5 817 3 635 8 311 0 851 4 742 6 447 7 982 9 204
5 793 3 696 1 51 0 399 6 502 4 319 9 341 7 429 2 930 8 444
5 395 7 510 3 995 0 557 2 80 6 18 4 325 9 669 8 42 1 877
1 39 0 884 5 241 6 517 2 916 4 112 3 173 9 843 8 910 7 880
7 568 5 660 0 821 6 625 9 362 4 859 3 556 8 599 1 211 2 861
6 932 8 682 1 236 7 369 3 658 4 402 9 558 0 138 2 452 5 568
2 476 6 82 7 682 0 98 5 685 9 252 3 527 8 619 4 561 1 374
8 110 0 461 4 245 3 778 6 993 2 795 5 585 7 247 9 404 1 64
6 894 0 649 8 8 7 246 3 549 1 833 2 36 9 828 4 659 5 970
6 238 7 743 8 456 4 98 9 663 5 707 3 263 1 32 2 541 0 374
5 88 1 393 8 842 2 217 4 537 7 505 6 81 0 492 3 651 9 56
7 281 9 765 3 64 5 34 2 73 0 189 4 211 8 395 6 339 1 463
0 752 2 662 8 622 1 53 4 962 6 832 9 164 7 705 5 907 3 677
9 706 2 941 7 750 8 238 0 934 3 248 6 784 4 198 5 978 1 366
8 821 2 40 4 230 9 898 6 447 1 239 0 332 7 683 3 578 5 705
3 509 8 272 6 707 7 657 9 113 1 472 4 198 2 663 0 524 5 498
1 662 6 711 7 316 4 470 5 215 2 27 8 190 9 383 0 959 3 141
7 600 0 406 6 907 4 372 2 313 8 500 9 79 3 74 5 757 1 811
8 509 3 305 1 165 5 994 7 103 6 1000 4 147 0 835 9 575 2 294
4 714 5 666 8 355 3 409 6 228 1 668 7 94 9 778 2 862 0 217
7 369 8 449 9 342 0 48 6 401 2 817 5 93 3 310 1 546 4 408
3 167 5 123 6 346 1 78 4 238 7 177 2 880 9 527 0 742 8 521
8 386 6 526 2 540 4 516 7 398 0 663 9 408 5 395 1 248 3 889
5 194 8 291 9 835 0 479 3 689 2 112 1 219 6 754 4 117 7 773
9 638 2 765 5 918 6 598 3 531 4 188 1 110 7 74 0 18 8 529
5 225 3 56 0 131 1 756 6 909 8 92 9 555 4 767 2 332 7 46
2 73 7 275 9 438 4 520 3 327 1 675 5 668 8 586 6 52 0 523
6 159 3 332 4 966 9 404 0 359 8 911 7 485 1 135 2 608 5 592
4 314 8 195 1 926 3 466 7 646 5 157 2 905 9 983 0 303 6 843
9 835 8 443 0 653 5 101 1 222 7 653 3 803 4 104 2 740 6 954
3 393 6 264 0 22 8 792 7 591 4 370 1 949 5 396 9 899 2 363
0 919 8 888 6 707 3 40 4 193 9 972 1 831 5 156 2 564 7 400
2 509 1 551 3 18 8 268 0 528 5 65 7 703 4 685 6 315 9 843
8 196 2 468 0 406 5 77 4 942 3 43 1 83 6 850 7 277 9 479
3 155 2 45 9 537 5 533 0 2 8 822 4 215 1 547 6 121 7 556
5 41 4 60 0 298 8 257 2 828 1 606 6 101 7 501 9 939 3 652
5 721 6 808 9 161 2 683 4 231 3 383 7 611 1 380 8 480 0 897
9 203 3 709 5 159 4 527 2 185 8 916 7 193 6 863 1 724 0 929
0 433 4 68 8 614 6 38 5 880 7 243 9 574 1 85 2 665 3 563
6 407 4 623 7 107 5 914 9 806 3 533 2 727 8 249 1 553 0 172
9 618 7 827 2 602 8 834 4 844 5 383 1 539 6 807 0 430 3 439
8 811 3 683 6 515 7 413 4 998 2 314 0 685 1 857 9 651 5 470
5 232 4 473 1 919 8 881 0 316 2 798 3 704 7 996 6 356 9 510
8 196 3 321 9 635 6 628 1 127 2 650 7 142 5 400 0 394 4 981
3 876 9 60 6 401 1 5 8 51 4 852 5 445 0 405 2 692 7 56
3 200 2 395 1 166 4 18 7 848 0 846 6 488 8 215 5 210 9 678
5 552 4 732 7 576 3 183 2 529 6 975 1 325 9 257 8 81 0 6
2 460 1 935 3 728 4 263 5 1 8 458 0 172 6 286 9 991 7 570
7 10 4 820 2 385 9 424 1 679 0 402 8 292 6 539 3 420 5 2
5 817 8 685 1 72 4 382 0 329 7 265 3 335 9 32 2 128 6 83
6 840 0 989 8 4 5 268 2 373 4 375 1 279 7 632 9 499 3 61
9 1000 8 222 2 529 0 25 5 897 6 731 7 70 4 302 3 961 1 243
4 515 8 603 6 705 2 934 9 999 3 961 1 499 7 51 0 825 5 917
3 534 7 964 9 928 4 706 5 422 1 557 8 239 0 790 2 233 6 610
3 52 8 183 4 860 2 204 0 7 9 370 6 28 7 447 1 944 5 968
2 585 3 843 9 209 5 510 6 853 0 237 7 667 1 399 8 154 4 242
4 316 1 888 8 464 2 103 5 189 9 471 3 14 0 544 6 602 7 609
6 344 7 363 8 155 1 407 9 103 4 512 2 168 0 284 5 375 3 216
2 409 6 134 9 866 8 822 7 43 1 198 4 945 5 462 3 182 0 654
4 706 8 121 2 691 1 726 3 181 7 570 6 763 9 906 5 384 0 880
6 83 3 932 0 859 4 777 2 988 1 329 5 902 8 55 7 46 9 179
9 758 1 729 8 604 2 483 6 134 5 993 0 611 3 992 4 298 7 405
3 333 9 272 6 95 7 44 8 354 2 666 5 110 4 543 0 526 1 462
1 48 0 354 2 101 9 794 4 652 5 662 7 538 6 345 3 875 8 444
5 951 6 218 2 420 4 336 1 567 3 403 9 195 0 719 7 351 8 775
2 172 3 750 9 636 6 451 4 29 5 408 8 174 0 873 7 986 1 932
9 593 7 439 6 906 4 505 5 908 2 232 0 903 8 927 1 18 3 268
8 387 1 68 6 958 2 958 9 149 4 983 7 68 5 10 3 107 0 220
1 259 5 913 3 458 4 500 9 110 0 178 6 976 2 273 7 465 8 175
5 531 0 91 7 545 4 889 9 570 6 10 3 932 1 929 2 497 8 144
5 752 0 277 4 634 2 250 7 136 1 978 6 270 8 419 9 440 3 564
3 868 0 301 5 849 2 383 4 752 9 21 8 664 6 345 7 677 1 633
1 377 6 279 2 789 3 785 4 418 8 473 0 188 9 752 7 626 5 642
2 925 7 637 5 992 1 639 6 628 4 562 8 191 0 500 3 963 9 248
6 839 5 637 4 848 2 821 7 239 0 592 3 452 8 324 9 334 1 821
5 646 6 887 4 850 0 422 9 725 3 266 7 824 1 89 2 84 8 15
1 585 8 151 7 88 2 898 0 373 6 896 3 142 4 537 9 905 5 749
1 807 5 778 8 268 0 842 2 485 9 409 7 280 4 742 3 287 6 724
8 596 7 24 6 608 1 52 3 678 5 272 4 222 9 818 2 966 0 407
3 359 5 308 0 341 4 804 6 262 9 171 1 668 7 923 8 970 2 50
4 282 8 684 0 191 5 725 3 861 6 902 9 614 7 676 2 761 1 830
6 479 2 986 5 590 0 816 9 160 1 78 3 915 4 728 7 413 8 661
2 361 3 334 0 119 5 530 9 539 1 180 8 594 7 900 6 233 4 869
3 621 9 922 1 188 6 443 2 110 8 469 4 620 0 989 5 926 7 394
5 901 9 555 0 32 6 706 1 895 2 944 7 824 4 608 3 500 8 627
6 942 8 375 3 933 1 978 9 449 0 86 5 262 2 643 4 360 7 401
4 384 7 96 6 324 2 148 0 69 5 991 3 721 9 406 8 958 1 995
7 443 9 864 4 432 6 146 0 998 3 17 5 37 8 340 1 933 2 591
7 158 8 581 1 724 0 388 9 926 3 31 2 417 5 619 6 506 4 367
6 989 0 453 1 429 5 113 8 993 3 684 2 88 9 843 7 579 4 908
8 454 6 124 0 328 1 17 2 806 5 271 3 475 4 529 7 890 9 792
5 788 8 590 7 300 6 593 9 772 2 760 0 839 4 625 1 284 3 637
1 451 5 242 6 549 9 62 0 443 7 677 4 746 2 47 3 345 8 389
6 153 7 674 1 298 3 420 8 425 5 362 2 99 4 582 9 398 0 7
8 650 6 816 3 159 7 882 4 602 0 348 9 89 2 254 5 422 1 204
7 932 8 297 0 470 4 321 9 171 5 134 6 167 3 895 1 201 2 465
8 933 7 774 0 503 4 750 3 172 9 264 6 858 5 422 2 636 1 922
4 233 1 870 8 171 2 681 3 372 6 662 7 108 9 810 5 407 0 411
4 149 8 885 1 798 6 890 7 862 2 495 0 955 3 386 9 661 5 27
5 684 6 308 9 303 0 669 8 287 7 522 1 305 2 211 3 687 4 73
9 660 0 759 6 768 3 244 7 911 1 853 5 21 2 854 4 559 8 70
0 164 7 684 8 57 9 575 5 895 4 141 2 343 6 777 1 739 3 758
8 769 6 637 7 325 5 446 9 883 3 716 4 704 0 739 1 261 2 984
6 755 4 208 3 432 8 819 7 744 9 612 5 443 2 194 0 512 1 695
5 101 8 157 2 145 1 387 0 302 6 118 4 457 9 93 7 318 3 859
9 636 0 703 4 767 8 626 2 546 7 563 5 950 6 512 1 876 3 270
2 707 7 925 0 596 3 702 1 315 8 512 5 988 6 833 9 275 4 163
7 47 5 492 4 541 9 458 6 548 1 13 3 535 2 678 8 394 0 918
1 830 4 752 5 933 0 799 9 578 3 484 8 197 7 230 2 451 6 796
1 399 7 709 5 521 8 533 4 341 0 824 2 753 3 403 9 105 6 769
7 339 5 292 6 384 0 514 1 376 4 795 9 353 3 710 2 953 8 75
2 228 1 317 5 371 0 245 4 375 8 427 7 175 6 969 9 604 3 483
0 86 4 997 6 878 2 253 7 921 9 581 3 818 1 721 5 958 8 471
7 723 3 502 1 38 2 153 6 742 9 236 0 492 4 346 8 884 5 882
9 104 0 897 1 509 7 725 4 721 3 774 8 185 5 470 2 490 6 643
4 577 8 431 0 283 9 343 1 261 3 602 5 776 6 503 2 527 7 573
8 118 7 521 5 941 1 341 3 554 6 646 4 68 9 70 2 524 0 651
8 671 2 325 4 832 6 565 1 287 9 931 7 405 0 478 3 693 5 486
8 622 6 896 7 850 3 197 0 543 2 437 5 631 1 479 9 514 4 473
7 337 9 657 6 910 5 221 3 44 8 195 1 577 0 488 4 464 2 269
4 932 9 211 2 689 8 467 6 869 3 522 0 64 5 386 7 178 1 434
4 287 5 86 1 41 2 828 3 242 9 194 7 860 8 940 6 41 0 2
5 386 6 286 1 706 4 480 3 657 2 454 7 299 0 890 9 783 8 18
5 717 7 900 4 993 8 470 9 772 1 680 6 562 0 435 2 578 3 630
2 724 1 774 9 172 8 953 7 5 4 609 5 725 0 840 3 337 6 120
2 94 9 86 8 581 0 394 5 95 6 535 3 428 7 953 1 486 4 463
3 794 1 152 8 942 0 536 5 661 2 216 9 636 6 343 4 364 7 358
7 643 8 764 5 440 1 629 9 711 3 909 6 759 4 12 2 38 0 206
4 103 9 508 1 275 8 278 5 671 7 457 2 84 3 713 0 609 6 18
6 403 2 446 5 628 4 710 3 633 7 828 9 191 1 476 8 270 0 390
1 639 3 767 6 470 0 32 2 73 9 316 7 477 4 476 5 947 8 410
7 739 0 502 2 84 8 317 3 435 4 464 1 924 9 167 5 141 6 394
1 718 5 500 9 555 8 122 0 131 4 480 2 217 3 797 6 376 7 199
0 621 6 135 8 343 7 800 9 518 4 44 2 451 1 935 3 362 5 979
0 724 1 54 5 207 6 388 7 539 9 183 8 971 3 990 2 712 4 760
6 342 2 735 3 503 7 60 8 725 5 265 1 760 9 770 0 970 4 949
6 262 4 60 3 14 7 759 1 23 8 678 2 601 0 230 9 10 5 265
1 969 8 846 7 760 9 659 2 790 4 540 6 272 0 797 5 102 3 541
8 246 3 97 5 444 0 556 7 814 2 925 4 10 9 822 1 890 6 696
5 792 2 115 6 604 9 184 7 453 1 315 8 877 0 22 3 730 4 162
6 931 0 783 5 14 1 554 3 801 4 679 2 500 8 731 9 440 7 572
6 841 2 506 0 243 9 77 3 553 7 851 4 537 1 741 5 913 8 916
2 60 1 383 7 983 4 104 8 422 5 511 9 525 6 973 3 699 0 699
5 477 6 219 8 497 9 213 1 598 0 257 2 428 3 934 4 197 7 61
7 910 8 360 9 583 1 199 5 267 0 623 2 506 3 610 6 171 4 918
2 140 3 337 5 369 0 530 7 587 4 498 1 440 8 205 6 859 9 618
7 318 9 577 0 654 6 613 2 176 5 254 8 893 3 343 1 20 4 874
2 677 0 812 8 222 7 220 3 517 9 585 1 170 6 61 5 252 4 421
6 232 3 908 0 687 1 207 9 846 4 485 8 144 7 149 2 263 5 173
8 106 3 326 4 89 6 748 2 912 7 269 0 740 5 551 9 238 1 986
1 207 4 857 3 896 6 407 9 268 0 877 5 6 8 260 2 340 7 651
2 65 8 863 6 661 0 556 9 815 7 147 3 711 1 220 4 730 5 508
7 958 1 332 5 535 2 373 6 170 9 360 3 849 8 710 4 770 0 427
0 934 3 837 8 287 5 45 6 154 2 567 4 645 9 519 7 551 1 819
0 452 9 811 5 942 2 748 1 637 6 146 4 591 8 449 7 135 3 275
9 333 4 435 2 858 0 461 6 165 1 298 3 443 8 626 5 972 7 580
5 421 0 568 8 456 2 484 7 729 6 436 4 655 9 106 3 300 1 357
5 724 9 436 8 735 7 322 2 528 1 497 6 52 0 642 3 108 4 558
1 916 0 255 8 925 5 367 2 173 9 677 3 88 4 739 7 633 6 732
4 45 5 156 1 338 7 407 0 889 8 418 6 289 9 993 3 379 2 812
2 37 3 460 4 216 8 42 6 385 5 509 7 993 1 713 9 503 0 327
4 362 1 156 9 512 0 178 7 478 3 19 6 533 5 32 8 686 2 723
1 719 6 524 2 184 5 378 0 955 8 583 3 372 9 636 7 18 4 720
1 90 8 543 2 317 6 695 9 679 7 552 4 789 3 583 0 735 5 545
7 176 3 878 5 708 8 263 4 408 2 906 9 68 0 451 1 573 6 193
7 913 1 917 9 243 8 957 5 625 2 648 3 246 6 386 0 470 4 399
0 26 7 789 9 248 6 602 5 79 8 724 3 270 4 996 1 961 2 28
0 204 4 484 3 965 5 890 2 910 7 589 6 856 9 306 8 755 1 668
1 210 0 381 6 837 7 215 3 151 2 747 5 652 4 789 9 486 8 869
6 258 3 973 5 587 0 253 2 353 9 486 4 583 1 972 7 281 8 848
3 719 4 720 8 446 0 118 1 826 7 433 2 358 9 537 5 627 6 142
9 551 6 226 3 615 2 256 0 599 5 803 7 592 4 258 1 437 8 754
6 184 2 307 3 517 9 723 8 250 0 923 1 954 7 985 5 849 4 198
4 291 1 161 5 732 9 399 6 991 8 620 7 897 2 516 0 165 3 526
0 630 4 410 8 517 9 431 5 56 6 597 7 322 1 222 3 658 2 934
9 153 8 525 2 791 6 370 0 162 3 701 7 458 1 962 5 29 4 767
9 706 0 788 6 537 2 843 4 476 3 750 7 405 8 17 1 800 5 186
1 209 2 914 7 830 9 690 5 591 0 850 4 73 6 641 3 691 8 372
0 905 7 620 1 642 8 97 3 927 5 699 2 22 6 823 9 57 4 464
9 335 0 723 7 733 1 299 4 614 5 250 6 530 3 831 8 723 2 369
4 762 1 525 2 878 0 631 3 492 7 763 9 666 6 988 8 887 5 616
4 942 2 985 7 584 9 366 0 957 8 123 3 332 1 333 6 797 5 197
2 849 1 88 9 588 6 41 8 462 5 623 4 695 7 762 0 500 3 600
2 356 7 25 4 684 3 874 8 31 0 611 1 335 6 367 5 466 9 51
9 13 2 821 6 462 8 921 0 413 3 426 7 454 4 118 5 147 1 754
8 474 2 443 9 263 3 279 7 793 1 621 6 938 4 907 0 431 5 671
3 972 2 764 6 782 9 189 5 441 0 780 1 993 8 448 7 402 4 636
6 4 3 930 5 999 4 261 9 343 0 760 2 234 1 659 7 217 8 855
7 694 0 615 2 577 5 108 1 719 4 895 3 520 9 757 8 68 6 996
2 963 1 869 8 455 5 447 4 748 7 48 0 365 3 160 9 31 6 739
9 968 5 725 8 914 4 798 3 369 0 228 1 358 6 922 7 219 2 789
4 227 0 321 9 60 3 151 2 407 6 430 8 876 7 365 5 223 1 82
6 336 5 269 3 670 2 384 4 296 1 5 7 26 9 270 8 964 0 266
6 518 9 304 0 110 8 62 5 834 4 290 1 800 3 677 7 647 2 194
8 430 4 245 3 262 5 88 0 518 9 431 2 336 7 132 6 164 1 774
5 608 2 570 8 770 0 59 6 29 1 419 7 989 9 891 3 108 4 579
1 226 4 549 2 354 8 491 7 479 6 500 3 246 9 347 5 39 0 965
4 549 0 678 3 853 6 549 7 199 8 969 1 354 9 907 5 519 2 977
5 481 2 949 1 48 7 256 0 103 6 762 4 211 3 540 8 992 9 371
4 669 6 884 1 460 5 463 2 885 0 368 8 745 3 25 9 132 7 700
5 762 4 728 3 964 6 784 1 989 7 891 8 747 9 487 0 643 2 838
6 537 3 770 0 312 8 134 1 884 2 545 7 650 9 229 4 789 5 469
8 758 9 411 6 275 0 21 1 309 2 449 3 558 5 235 7 998 4 83
8 974 4 849 3 582 1 305 0 730 5 413 6 842 9 242 2 516 7 399
9 605 0 966 8 393 1 235 6 941 7 885 2 630 4 768 3 327 5 209
8 535 1 924 6 219 7 886 3 681 4 977 0 418 2 42 9 887 5 79
2 67 9 804 4 978 7 391 0 582 3 773 5 368 1 130 6 640 8 5
1 535 9 84 5 685 8 420 0 572 6 400 4 19 7 31 2 28 3 801
4 34 2 602 1 859 6 707 8 362 0 16 5 603 7 620 9 566 3 36
8 756 2 466 9 148 3 850 6 994 5 761 0 598 7 224 4 13 1 809
7 906 5 922 2 153 4 2 8 493 0 927 6 141 1 86 3 719 9 94
4 881 1 697 3 232 7 228 8 872 6 655 9 849 2 597 0 325 5 850
9 453 0 475 7 210 1 790 6 341 4 48 2 548 3 588 5 250 8 189
9 418 4 751 6 78 2 389 7 324 8 302 0 596 1 425 3 41 5 262
8 758 6 768 0 848 1 428 7 828 4 410 3 720 2 84 5 786 9 281
1 419 8 960 4 547 6 309 3 565 0 137 9 913 7 459 5 738 2 35
1 847 4 17 5 206 6 152 3 6 0 552 9 702 2 900 7 987 8 222
2 11 3 631 5 297 7 623 0 87 4 476 1 611 8 368 9 328 6 270
1 66 9 8 5 897 3 474 0 396 6 260 8 904 4 909 2 6 7 885
7 74 9 514 6 96 2 855 1 306 8 336 0 414 3 601 4 641 5 22
1 416 0 36 8 224 2 476 3 79 6 817 4 617 5 64 9 47 7 20
2 51 1 65 4 508 9 7 5 347 7 787 0 541 3 724 8 303 6 135
6 174 0 995 9 591 1 54 3 97 2 716 8 117 5 107 4 596 7 346
1 827 7 506 8 30 5 205 6 443 3 33 4 666 2 610 9 761 0 49
3 518 1 640 4 501 7 432 9 694 6 369 0 389 5 991 2 593 8 587
1 736 6 123 4 22 3 762 8 957 2 74 9 31 0 964 5 321 7 268
2 298 5 945 0 55 1 908 9 417 4 741 7 593 8 729 3 976 6 948
0 557 1 285 3 675 4 104 2 107 7 897 8 530 6 602 9 947 5 555
5 677 2 779 1 996 9 29 7 561 0 45 6 455 8 243 4 181 3 827
7 66 1 41 8 262 5 745 6 928 4 791 0 957 2 554 9 502 3 938
8 627 7 684 1 232 5 535 6 531 9 66 3 433 0 895 2 805 4 222
3 586 9 962 4 811 0 800 8 481 1 369 7 476 5 848 2 603 6 740
1 711 5 684 0 109 7 756 3 298 4 958 6 588 2 407 9 863 8 966
0 53 8 414 6 223 2 855 1 710 9 956 7 673 4 816 3 826 5 925
7 955 9 505 6 860 5 840 2 937 8 816 1 523 4 19 3 412 0 423
3 52 2 178 5 609 9 324 7 310 1 915 6 202 0 181 4 718 8 793
7 10 0 893 4 866 2 434 6 106 5 184 3 722 9 975 1 617 8 438
2 403 5 848 6 280 9 280 4 70 1 586 8 11 3 597 0 109 7 527
6 51 0 342 4 718 5 943 9 256 7 382 8 560 1 592 2 436 3 328
4 809 1 904 7 739 6 724 5 330 2 378 9 918 3 466 0 58 8 549
3 415 0 298 6 431 9 389 2 783 8 341 4 916 7 715 1 443 5 323
8 500 0 672 5 741 6 418 9 605 3 74 1 751 2 455 7 135 4 432
5 522 8 165 3 355 4 224 2 868 6 967 9 977 1 250 7 928 0 899
6 769 0 817 7 272 8 462 5 459 3 838 2 293 1 94 9 443 4 176
2 431 5 247 0 300 7 212 8 96 3 998 6 205 4 844 9 698 1 875
0 352 4 936 3 809 9 799 8 775 2 246 6 91 7 82 5 690 1 702
8 940 2 863 3 755 5 967 9 767 6 462 0 955 7 560 4 670 1 574
5 813 2 980 8 994 0 437 4 71 7 941 3 486 9 645 1 722 6 131
2 30 3 974 7 351 0 866 8 709 5 346 6 905 1 405 4 691 9 840
2 961 1 698 7 662 0 704 4 716 8 76 6 864 5 456 9 577 3 47
7 590 2 49 6 799 8 556 5 888 1 329 3 988 0 353 9 276 4 957
5 96 8 603 9 117 1 67 3 311 2 418 6 298 4 210 0 237 7 962
6 473 0 222 8 499 5 922 9 17 2 996 1 424 7 635 4 47 3 142
9 372 2 71 3 656 8 187 7 806 6 11 4 62 5 302 1 797 0 18
5 190 9 761 4 203 8 327 0 277 7 759 2 261 3 918 1 395 6 67
7 295 4 392 9 480 5 488 8 252 1 234 6 563 0 125 3 67 2 761
7 889 1 196 0 126 6 92 8 610 4 968 2 772 9 357 5 335 3 121
8 878 0 805 5 472 2 454 6 575 4 211 9 562 1 725 3 724 7 401
2 245 4 985 8 58 9 724 1 812 0 785 7 63 5 517 6 14 3 785
6 265 3 201 1 985 0 631 7 411 8 873 4 342 9 109 2 94 5 519
4 623 1 694 8 324 0 582 6 477 5 254 9 984 3 396 2 350 7 170
7 385 5 783 8 196 2 489 1 652 3 793 0 641 9 526 6 929 4 929
1 542 2 259 6 102 3 503 0 491 5 387 4 848 8 76 7 825 9 524
7 185 6 892 2 35 8 808 9 755 0 697 1 354 5 119 4 322 3 701
7 767 0 58 1 223 6 787 4 108 9 702 3 656 2 739 5 380 8 114
7 477 6 776 2 465 8 311 1 534 5 800 0 804 3 372 9 993 4 687
9 438 8 715 3 343 7 576 4 621 1 964 5 806 0 186 6 267 2 219
1 993 0 506 9 361 6 960 2 147 7 531 4 520 5 787 3 978 8 311
4 176 7 682 6 624 2 912 1 993 3 705 0 110 5 751 9 303 8 621
1 393 5 912 3 451 8 725 6 622 4 272 7 539 0 405 9 761 2 629
7 652 2 560 4 121 8 448 9 846 3 145 1 688 5 921 0 606 6 990
6 239 7 576 8 785 2 122 0 526 3 403 1 507 4 790 5 472 9 937
7 352 1 371 3 620 8 897 0 826 9 838 2 353 6 848 4 921 5 488
0 393 2 621 1 312 5 681 4 102 3 251 8 468 6 633 9 475 7 530
9 768 8 43 6 417 7 738 2 11 1 942 4 281 3 662 0 523 5 9
9 417 0 281 7 435 1 786 8 936 4 791 5 552 6 794 2 907 3 866
0 449 3 489 6 2 1 488 8 253 9 794 7 381 2 853 5 182 4 507
5 839 6 171 4 491 2 932 3 365 9 546 1 171 7 305 0 360 8 853
4 13 6 589 9 845 5 867 8 365 0 949 1 406 3 711 7 873 2 686
0 290 8 789 6 353 7 676 4 127 9 424 2 349 3 600 5 512 1 253
8 936 4 588 2 17 5 182 7 18 0 503 6 47 9 28 3 476 1 896
4 941 8 220 6 716 5 176 0 153 2 972 3 385 1 385 7 124 9 499
0 224 7 484 4 792 6 834 8 156 3 540 9 589 5 123 1 405 2 645
3 212 8 820 1 647 5 248 6 373 4 296 7 987 0 894 2 419 9 650
6 34 5 430 8 980 9 175 1 862 0 325 7 519 4 359 2 123 3 449
4 174 5 992 2 74 8 434 3 595 0 759 6 735 9 54 1 607 7 531
9 752 6 255 3 933 7 336 5 750 0 418 4 270 1 397 2 704 8 871
4 685 5 163 6 698 7 120 8 674 2 66 9 637 1 185 3 156 0 681
4 608 9 234 1 935 0 593 3 284 6 539 5 22 7 464 2 133 8 549
9 10 8 685 2 532 5 409 1 776 6 908 7 969 0 855 3 728 4 264
1 566 2 341 0 585 7 728 4 191 3 194 9 627 5 760 6 902 8 166
4 173 2 549 8 426 9 344 0 364 3 836 1 495 5 563 7 93 6 991
9 146 4 102 2 761 8 493 0 515 1 839 6 335 7 253 5 844 3 59
0 208 8 863 2 121 6 876 3 556 1 351 4 253 5 888 7 138 9 447
7 60 9 25 4 564 6 248 3 952 2 959 5 33 8 900 0 922 1 70
0 787 7 475 4 554 6 245 8 521 3 479 1 314 2 725 9 832 5 102
1 828 8 225 7 642 5 797 9 972 6 200 3 552 0 636 4 121 2 917
8 251 0 65 3 580 1 935 7 230 9 524 2 947 4 882 6 608 5 284
2 936 7 977 5 254 4 173 6 121 9 349 8 285 3 423 1 429 0 959
5 117 8 732 4 900 0 966 6 241 1 997 9 37 2 438 7 746 3 17
7 501 8 773 4 387 6 788 9 563 5 795 3 544 0 840 1 353 2 693
5 800 7 626 9 220 2 550 0 969 4 939 6 652 8 115 3 170 1 777
4 31 0 9 8 20 2 322 5 993 6 118 3 201 1 949 7 230 9 144
1 15 8 573 0 463 9 374 7 974 3 890 6 603 4 1 5 812 2 61
4 213 0 14 8 571 3 424 5 787 2 515 7 896 9 353 6 406 1 843
8 292 7 921 4 237 9 56 0 975 6 972 3 693 1 852 2 480 5 87
2 564 8 524 3 577 7 169 6 947 9 306 0 607 5 784 1 168 4 453
4 944 7 841 8 443 5 575 2 637 0 860 1 977 3 363 6 415 9 57
9 276 7 161 3 70 6 843 0 116 5 263 4 828 8 367 2 590 1 581
8 519 1 776 7 674 0 189 6 150 3 27 9 891 2 486 4 675 5 866
8 568 5 908 7 542 2 680 1 783 0 813 9 883 6 872 4 785 3 250
8 322 2 642 5 969 7 424 0 220 3 898 6 589 9 138 4 789 1 926
8 415 2 925 3 53 6 421 4 350 1 567 7 472 0 679 9 101 5 877
9 397 4 692 8 965 2 440 3 668 0 725 5 70 1 267 7 705 6 625
8 345 0 324 1 61 5 901 3 657 4 444 9 707 2 572 7 967 6 269
7 696 6 718 9 477 4 63 3 203 5 912 2 250 8 390 1 589 0 688
6 668 9 804 8 386 7 970 0 508 4 31 3 325 2 204 5 931 1 686
2 570 4 51 8 395 3 173 6 84 9 944 5 280 0 315 7 311 1 739
7 421 5 612 0 183 8 266 2 962 3 152 6 904 9 790 4 275 1 71
7 151 4 66 0 724 9 679 6 677 8 360 3 337 5 19 2 852 1 946
6 730 8 162 4 802 5 554 9 188 0 706 1 35 3 311 2 554 7 671
4 227 1 396 3 738 6 579 9 216 2 894 5 924 8 419 7 318 0 995
8 365 5 676 6 476 1 801 3 106 9 81 4 59 7 778 2 464 0 90
8 919 1 290 2 768 6 154 3 454 0 554 9 623 5 261 4 710 7 189
7 804 5 516 3 43 6 187 0 731 8 903 9 126 1 135 2 263 4 382
4 689 2 314 9 763 1 739 3 30 6 843 7 809 5 143 0 152 8 820
0 588 5 664 4 601 8 161 3 968 7 195 1 586 6 359 2 650 9 580
9 545 3 870 8 89 5 912 7 916 2 693 4 268 0 595 1 5 6 25
8 573 9 498 6 678 0 17 7 307 1 15 2 267 3 321 4 597 5 341
2 670 4 505 9 674 5 927 0 950 1 218 7 454 6 297 3 113 8 596
3 935 6 42 5 936 2 118 8 806 4 981 0 490 9 36 7 440 1 162
0 960 9 350 3 388 5 374 2 936 6 715 4 63 7 908 1 237 8 641
8 347 4 294 7 36 3 903 9 462 0 868 1 985 5 889 6 631 2 167
3 864 2 439 4 171 0 371 5 919 8 683 1 821 7 599 6 480 9 564
3 341 8 258 9 429 7 492 4 887 0 620 5 820 6 283 2 924 1 70
5 554 9 382 4 246 6 863 2 572 0 848 8 444 1 244 7 600 3 243
8 965 7 58 0 458 3 442 5 650 2 187 6 202 1 462 4 660 9 180
4 467 1 891 8 693 6 951 7 943 0 919 2 226 3 153 9 878 5 198
4 974 1 257 2 837 3 677 0 490 5 364 6 50 7 65 8 888 9 65
7 478 1 851 8 38 9 86 4 804 2 475 6 640 3 671 0 854 5 709
4 703 6 189 0 182 7 428 8 205 9 483 1 10 5 978 3 282 2 448
0 993 8 633 4 272 9 602 6 98 1 977 3 427 7 80 5 475 2 678
3 453 0 505 7 799 2 213 1 718 6 814 4 697 5 148 8 624 9 905
7 525 0 307 3 136 4 641 5 766 2 43 6 832 9 827 8 394 1 825
3 306 6 455 4 489 0 670 8 7 5 604 1 668 2 942 7 86 9 728
9 915 4 419 3 968 7 967 8 607 0 510 2 471 1 255 5 998 6 802
7 287 6 263 9 444 5 125 1 277 0 978 3 702 4 211 2 300 8 556
3 619 1 520 4 758 5 831 8 595 7 874 2 119 0 482 9 417 6 961
7 782 0 439 9 517 4 524 5 149 1 152 3 498 2 690 8 751 6 909
9 374 2 49 4 769 8 596 5 56 7 222 3 937 0 509 6 243 1 938
3 291 2 209 7 57 5 261 9 939 4 311 6 979 8 441 0 292 1 602
2 100 1 254 4 423 9 291 5 222 7 85 6 719 8 654 3 268 0 939
5 161 8 499 7 86 6 645 3 610 2 524 0 851 9 835 4 920 1 886
7 457 5 874 0 546 8 686 1 351 9 201 3 204 4 201 6 180 2 183
6 362 5 439 7 409 4 143 3 469 1 829 8 473 2 738 0 236 9 79
8 865 6 144 9 994 4 286 1 577 2 90 3 21 7 883 0 74 5 566
9 103 2 904 0 411 8 40 3 333 1 783 5 76 4 346 6 629 7 26
2 115 7 912 1 148 5 254 6 396 4 618 9 533 0 188 3 106 8 399
7 958 3 333 9 613 6 130 4 605 8 426 0 404 5 204 2 792 1 917
2 802 8 654 7 753 9 744 6 221 1 376 5 656 3 752 4 961 0 915
4 554 7 941 9 883 2 8 3 56 0 785 1 57 6 171 8 578 5 858
0 351 5 95 3 130 6 326 2 852 8 551 7 862 9 554 1 267 4 430
8 221 0 39 4 893 7 844 1 674 6 841 3 404 9 670 5 414 2 245
9 179 6 481 8 984 4 471 3 945 5 514 1 631 0 190 2 532 7 109
7 817 2 812 0 945 3 88 5 436 6 661 9 370 8 739 1 377 4 771
5 137 4 414 8 392 2 868 1 489 6 295 0 407 7 17 3 35 9 374
0 188 5 859 4 142 1 231 8 866 9 20 2 248 3 996 6 712 7 983
9 169 1 500 8 500 0 102 2 79 4 196 3 87 7 974 6 563 5 64
6 50 4 553 1 954 0 951 3 367 8 191 7 856 5 80 2 26 9 882
0 456 1 796 5 862 7 485 8 238 3 242 6 4 4 703 9 781 2 456
2 822 6 650 4 148 5 53 8 817 1 283 9 498 3 9 0 793 7 973
0 723 4 221 5 270 6 951 7 83 2 268 3 413 8 726 1 192 9 725
6 817 1 856 8 596 3 772 0 392 7 967 9 551 5 396 4 298 2 69
4 371 2 372 1 452 5 314 6 377 8 755 0 219 9 376 7 921 3 537
4 780 7 767 1 886 9 187 3 312 0 482 6 152 2 386 5 269 8 924
1 419 7 401 6 304 5 520 0 333 8 994 4 5 2 789 3 517 9 908
6 817 1 674 5 559 3 842 4 599 7 835 2 540 9 675 8 23 0 296
5 782 2 385 6 869 4 190 9 456 1 696 7 989 8 61 0 580 3 342
1 692 3 230 6 703 9 385 7 521 0 998 2 687 5 129 8 139 4 675
7 212 6 20 2 772 3 545 5 364 0 391 8 827 1 506 4 233 9 408
6 216 9 288 7 637 8 381 1 544 4 832 5 446 2 216 0 368 3 997
1 44 6 250 9 621 0 902 2 790 5 888 8 930 7 662 3 581 4 63
5 972 2 613 7 465 1 832 4 384 0 319 6 591 8 703 3 404 9 225
6 380 8 574 5 466 1 68 9 443 3 833 4 536 7 408 2 546 0 374
2 461 0 14 1 555 7 939 6 798 3 234 8 126 5 907 9 806 4 995
9 396 6 390 4 533 1 920 0 710 8 548 5 775 7 392 3 916 2 246
0 445 1 630 8 145 2 834 6 169 9 800 4 483 3 361 5 834 7 722
7 353 5 182 1 912 8 164 3 182 4 253 0 241 6 460 9 314 2 981
7 570 5 185 8 191 1 867 4 105 6 966 2 432 0 197 3 871 9 559
0 806 7 184 9 835 1 348 5 236 8 839 3 698 4 63 6 698 2 777
2 722 5 386 9 536 1 421 6 245 4 770 0 920 3 148 8 419 7 346
9 774 8 618 3 945 1 230 0 75 6 875 5 670 7 933 2 124 4 775
7 83 1 617 6 281 3 585 2 266 5 207 8 946 0 58 9 95 4 597
0 492 5 820 9 596 8 69 3 393 1 582 4 649 2 373 6 206 7 291
9 856 3 295 0 101 5 503 8 759 2 596 6 75 4 72 1 830 7 240
8 292 2 804 6 480 7 450 1 618 5 749 9 646 3 923 0 821 4 886
5 919 9 168 0 940 2 480 4 588 8 317 3 361 7 677 6 135 1 536
2 43 7 160 9 556 8 544 3 437 5 439 0 872 1 32 4 324 6 479
5 126 9 523 7 990 0 490 6 152 4 133 3 373 1 351 2 515 8 628
7 594 3 279 0 579 9 722 1 239 8 999 2 245 6 392 5 837 4 495
2 180 7 176 6 660 5 398 4 570 0 527 8 833 1 599 9 744 3 61
0 745 9 508 6 242 3 179 8 36 5 709 2 233 4 63 7 701 1 245
8 52 5 103 2 334 0 970 6 73 4 728 7 144 3 455 1 908 9 433
5 847 3 295 1 738 2 233 9 428 6 856 8 496 4 570 0 869 7 450
9 484 8 216 6 887 2 139 4 893 0 858 3 763 5 816 7 719 1 860
3 167 2 777 7 982 1 30 0 739 8 906 4 972 9 933 6 411 5 146
6 973 0 284 2 917 5 322 7 743 9 679 3 128 8 956 1 888 4 971
2 917 4 580 7 887 6 885 8 73 1 679 0 557 5 534 3 456 9 831
9 36 7 759 5 30 8 177 0 13 2 847 6 182 4 332 1 800 3 414
6 710 8 261 0 780 1 653 9 945 4 275 2 87 5 461 3 252 7 188
2 535 9 784 0 821 1 370 7 254 3 671 4 700 5 206 6 636 8 457
8 662 6 439 4 198 2 93 7 374 5 343 9 229 0 245 3 76 1 387
5 210 2 47 6 698 4 116 0 36 3 336 9 57 8 895 1 452 7 839
1 579 6 421 0 536 8 972 7 465 4 335 2 436 3 779 9 444 5 123
4 767 8 449 5 88 9 771 0 992 3 242 2 69 1 56 6 369 7 988
2 151 8 939 7 60 6 675 5 582 3 443 4 587 9 314 1 816 0 96
0 268 7 899 1 921 5 347 9 776 8 331 6 348 2 544 4 941 3 965
6 316 2 385 3 857 7 617 0 244 5 304 1 575 4 321 8 972 9 1000
0 358 1 904 6 845 8 937 4 189 9 183 7 123 2 182 5 995 3 262
0 817 9 333 1 450 4 451 6 787 7 954 8 724 3 553 2 868 5 296
7 693 8 752 2 632 6 565 4 968 0 109 3 548 1 889 5 638 9 415
9 458 6 147 1 480 2 726 4 352 7 864 3 670 5 79 0 672 8 153
1 417 3 47 7 298 8 151 2 746 9 988 5 437 6 622 0 621 4 163
3 789 7 707 0 792 4 625 8 830 5 340 1 630 6 818 2 430 9 434
6 681 2 527 4 401 3 605 0 987 9 160 7 310 1 141 8 997 5 278
6 166 0 640 7 880 9 587 1 765 5 277 2 857 8 153 3 42 4 187
8 842 0 724 1 473 5 486 6 211 2 668 9 191 7 520 3 896 4 186
5 709 2 648 0 972 1 207 7 613 6 234 9 355 3 220 8 513 4 739
7 229 1 345 2 508 9 502 6 558 3 925 4 1000 5 72 0 818 8 911
8 126 3 93 5 446 7 87 6 421 4 93 9 673 0 108 2 425 1 454
1 586 7 323 2 260 4 855 6 443 8 241 3 915 0 966 5 251 9 965
1 431 2 742 7 818 5 100 3 980 8 497 0 149 6 194 9 430 4 270
3 681 2 346 1 391 4 215 7 844 9 802 6 749 5 554 0 303 8 142
3 800 1 322 7 967 9 904 5 265 6 225 4 627 2 193 8 238 0 300
1 112 8 615 5 403 0 67 6 648 3 754 7 370 9 179 2 850 4 572
9 411 5 338 6 810 7 453 3 534 1 311 2 321 0 968 8 325 4 259
2 439 3 254 8 831 0 504 7 821 1 525 6 383 5 716 4 47 9 140
0 611 6 450 2 598 5 966 9 280 7 885 8 452 4 344 3 219 1 610
3 489 0 649 8 755 7 225 6 418 4 973 1 986 2 487 5 769 9 902
7 257 4 996 3 351 9 335 0 179 1 492 8 398 5 182 6 274 2 972
4 428 5 6 3 750 1 714 9 121 8 398 6 52 2 801 0 553 7 466
5 579 1 512 7 245 6 427 9 401 0 262 4 12 8 398 3 572 2 413
1 759 4 190 9 333 6 840 2 59 0 838 3 687 8 409 7 415 5 199
2 990 3 860 7 764 0 747 9 954 4 505 5 324 6 260 8 18 1 378
4 876 0 475 6 845 1 194 3 187 8 216 9 227 2 222 5 789 7 315
8 43 9 83 7 297 6 22 0 54 5 419 4 981 1 783 3 504 2 653
0 476 7 765 9 359 6 792 8 621 1 838 2 723 4 844 3 157 5 954
8 894 6 829 5 575 4 992 1 397 9 612 2 336 7 739 0 516 3 940
5 695 4 265 9 640 8 86 1 609 3 88 0 838 6 138 7 883 2 445
9 121 1 971 5 752 0 434 8 184 6 876 4 531 2 555 7 622 3 205
3 134 1 814 0 299 4 701 7 992 8 941 9 776 6 82 5 61 2 665
9 456 4 796 6 272 8 948 2 66 3 370 5 804 0 818 7 306 1 128
8 768 9 549 4 607 1 14 5 336 7 132 2 663 3 246 0 672 6 560
2 31 9 305 8 252 0 859 4 511 1 22 3 338 7 989 5 146 6 672
7 793 8 4 6 3 2 707 9 275 0 591 5 955 3 507 4 678 1 887
7 383 1 49 6 112 2 195 8 701 0 739 4 328 5 822 3 391 9 567
1 602 7 735 0 217 4 124 2 498 9 101 3 21 8 797 6 130 5 541
1 814 3 762 5 759 0 689 8 473 7 676 4 317 6 599 9 279 2 165
6 34 1 763 9 991 4 26 5 176 7 938 2 864 3 167 8 876 0 620
9 940 0 749 6 316 1 461 3 817 4 106 5 734 7 736 8 361 2 605
9 523 0 72 7 929 8 172 1 314 3 669 2 630 6 508 5 104 4 135
2 83 4 724 5 805 1 11 7 351 9 487 6 243 0 495 3 132 8 100
4 840 7 395 1 490 8 347 0 362 3 605 9 282 2 766 6 802 5 881
8 199 9 962 1 449 2 412 4 878 5 161 6 863 7 67 0 838 3 782
4 938 3 397 1 26 7 100 8 36 6 441 2 684 9 674 0 925 5 469
2 516 1 743 9 351 8 341 5 622 3 686 4 881 6 892 7 569 0 126
5 251 6 490 9 291 4 25 1 80 2 618 3 274 0 703 8 994 7 919
5 837 8 582 3 103 0 227 7 913 1 416 4 608 2 435 9 568 6 825
5 299 0 242 1 676 6 796 3 758 9 344 8 810 4 937 2 452 7 398
6 777 9 733 4 525 2 825 8 1 7 757 3 373 0 681 1 344 5 512
7 558 0 789 8 119 3 193 9 217 4 197 1 436 2 774 6 952 5 588
7 729 5 312 1 383 0 175 4 433 3 279 2 705 8 182 6 731 9 897
4 463 6 70 2 103 3 326 7 227 0 745 9 85 8 147 1 67 5 755
6 389 7 410 9 744 8 441 5 969 3 954 0 190 2 608 4 902 1 920
6 78 7 584 1 569 4 802 8 455 9 395 3 439 5 243 0 708 2 597
2 733 0 16 1 695 3 913 5 390 8 94 9 450 4 718 7 339 6 774
7 174 5 573 2 812 0 255 4 669 1 392 9 117 3 326 8 73 6 952
2 532 1 540 3 840 4 451 0 502 9 739 5 591 6 936 7 209 8 158
8 107 3 16 7 596 6 317 2 366 1 11 9 867 0 810 5 175 4 788
3 159 8 243 4 34 0 747 6 570 1 932 5 439 7 332 2 120 9 56
5 927 3 961 9 569 2 404 0 96 8 801 7 83 1 784 4 97 6 355
9 204 0 939 8 161 6 547 2 572 4 18 1 106 5 512 3 425 7 556
2 787 8 255 4 725 5 261 0 228 6 832 9 674 3 781 7 850 1 971
2 814 5 372 0 474 7 862 1 481 9 773 3 930 4 470 8 403 6 924
3 475 7 359 4 859 9 597 5 339 0 59 6 418 2 939 1 271 8 451
1 861 2 801 0 917 5 836 4 929 9 768 7 39 6 48 8 985 3 318
5 556 3 800 4 731 7 927 9 824 2 756 6 626 8 307 1 668 0 71
6 420 8 900 3 672 9 361 1 243 5 186 4 285 0 450 7 240 2 492
2 351 7 480 6 587 9 301 5 495 1 70 0 799 4 529 3 367 8 57
2 947 9 163 6 751 3 631 8 244 7 652 0 93 5 30 1 885 4 2
8 568 5 647 4 705 7 651 3 461 6 293 2 31 1 60 9 922 0 550
1 155 9 218 6 384 0 197 3 598 8 940 4 727 5 208 2 92 7 827
3 617 5 981 6 611 0 848 8 152 1 244 7 315 9 720 4 219 2 65
7 889 9 158 0 155 5 74 6 77 2 373 4 165 8 399 1 684 3 736
6 464 7 794 9 1000 2 321 0 869 5 964 4 450 8 922 1 935 3 704
2 306 3 403 0 368 7 601 6 365 9 720 4 27 8 28 1 797 5 878
2 448 3 977 4 791 7 779 9 465 0 860 5 310 6 951 1 100 8 178
5 477 2 122 0 329 6 402 7 441 9 211 8 731 4 41 1 956 3 731
5 75 3 474 1 54 9 364 0 504 7 848 4 486 6 65 8 627 2 673
5 871 9 779 2 55 0 946 3 342 1 132 6 38 8 265 4 359 7 588
8 830 1 419 5 439 6 638 2 730 7 818 3 371 0 775 4 509 9 506
7 720 0 202 1 17 9 520 5 92 6 986 8 830 4 135 3 98 2 629
1 974 4 993 9 323 3 681 5 980 0 175 7 215 6 447 2 293 8 5
4 428 9 985 6 615 0 733 5 493 3 712 7 223 1 54 8 827 2 270
4 295 5 528 8 321 2 957 0 243 7 983 1 689 3 970 9 788 6 786
5 420 7 834 6 926 0 15 1 735 9 207 4 820 2 605 8 817 3 286
1 372 5 221 2 152 4 545 8 844 0 717 7 452 9 756 6 403 3 298
9 947 6 86 3 773 2 394 8 820 1 758 0 974 5 84 4 615 7 103
9 728 8 964 4 961 3 850 1 128 6 199 2 557 5 54 0 962 7 439
0 574 8 191 2 821 9 787 6 561 5 536 1 952 7 79 3 919 4 94
0 500 2 779 6 817 7 890 3 372 1 282 4 204 9 714 8 950 5 954
3 52 7 734 8 214 4 115 1 236 9 842 6 128 5 765 2 931 0 237
1 322 0 130 5 234 6 756 4 212 9 189 2 970 3 339 8 512 7 334
5 99 7 89 8 940 4 244 9 879 1 335 2 390 0 85 6 678 3 758
0 743 6 661 5 410 3 186 7 880 1 64 4 658 2 78 9 369 8 309
1 99 3 701 2 505 5 234 7 842 9 922 6 87 4 438 0 599 8 829
7 791 0 415 6 52 3 339 5 112 2 881 4 403 1 640 9 890 8 119
4 317 6 244 9 733 2 473 5 606 0 631 8 100 7 10 3 542 1 426
9 768 7 716 0 83 4 156 5 42 8 18 6 754 2 109 1 472 3 850
3 12 7 315 4 441 2 310 0 261 5 766 1 211 8 318 6 816 9 954
2 385 6 371 9 846 4 737 8 555 5 666 3 125 1 130 7 317 0 35
5 173 0 794 7 345 6 173 8 726 4 301 9 649 3 591 1 701 2 857
2 604 8 574 7 389 4 848 1 234 0 502 6 410 5 784 3 227 9 119
9 569 1 128 7 233 0 790 3 908 5 841 8 806 2 404 6 713 4 550
8 823 4 567 6 98 0 10 3 960 2 779 7 703 5 669 9 378 1 133
5 599 2 610 9 407 8 508 1 270 6 904 3 222 7 500 4 248 0 595
7 770 1 248 4 860 0 679 2 653 8 980 9 108 6 328 3 442 5 740
1 872 2 120 4 575 8 204 9 778 5 574 7 345 6 444 3 372 0 687
4 786 3 944 5 517 8 116 6 117 1 498 7 243 9 568 2 538 0 164
7 883 6 620 0 525 1 678 2 948 9 401 8 441 5 456 4 65 3 922
8 266 0 925 5 381 9 803 3 264 7 116 1 520 2 401 4 183 6 891
4 816 8 888 5 236 7 707 2 627 3 859 0 538 9 915 1 120 6 899
3 729 9 417 2 350 5 823 4 656 0 724 7 92 8 933 1 378 6 623
5 72 0 66 1 60 9 730 6 619 4 308 7 190 3 403 8 657 2 481
4 304 3 253 6 734 0 987 9 924 5 458 7 76 8 698 1 569 2 882
3 42 5 158 0 272 6 408 2 374 7 288 1 239 8 525 4 146 9 204
8 266 7 532 4 876 2 294 5 18 3 545 6 576 0 29 1 462 9 455
5 417 0 352 3 693 4 364 8 180 7 164 1 390 2 475 9 29 6 175
6 127 1 286 4 307 0 988 3 81 8 165 2 638 9 923 7 837 5 439
6 649 1 308 0 728 4 660 5 954 3 1000 9 313 7 478 2 183 8 757
0 867 4 658 6 738 8 148 3 853 5 350 1 133 9 272 7 47 2 160
1 33 2 93 0 40 8 192 3 24 6 738 5 386 9 291 7 11 4 188
4 215 9 446 6 989 0 145 3 29 2 819 1 262 8 454 5 964 7 531
8 859 0 829 4 777 2 176 3 323 1 327 6 619 9 261 7 389 5 722
2 954 0 557 3 373 4 767 7 871 1 413 9 949 5 626 6 415 8 103
0 928 6 471 8 433 5 356 2 714 9 422 3 743 4 29 7 995 1 98
2 649 4 733 6 386 3 299 5 500 1 23 0 790 9 638 7 450 8 7
5 120 3 174 4 795 0 328 9 820 7 74 8 242 2 538 1 494 6 699
3 34 0 917 8 674 7 487 2 191 4 334 6 612 1 367 9 961 5 525
6 605 0 385 7 354 4 745 5 167 8 899 9 185 3 544 1 904 2 701
3 7 9 279 6 506 7 497 4 215 2 363 0 483 1 938 5 203 8 41
5 112 4 918 2 209 1 16 7 172 8 754 3 148 6 625 9 478 0 513
9 503 8 432 5 121 2 551 7 268 3 770 1 230 6 8 4 467 0 154
7 428 8 408 6 598 5 178 3 279 0 767 9 649 2 794 4 517 1 843
7 927 2 984 4 605 9 50 1 815 0 181 3 731 6 418 8 381 5 296
8 526 6 655 5 293 1 625 2 707 3 681 7 739 4 892 0 266 9 430
1 614 9 287 3 822 0 947 8 747 2 538 4 155 7 3 5 573 6 290
0 359 6 673 8 802 9 562 7 578 1 904 5 400 2 192 3 242 4 237
4 502 5 727 0 959 3 533 8 600 1 93 2 190 9 8 6 891 7 363
3 225 4 874 9 822 2 732 6 739 7 290 1 449 0 380 8 66 5 593
4 135 0 279 5 341 9 56 6 615 2 172 1 588 3 798 7 233 8 188
7 686 2 317 1 171 3 170 8 597 9 984 5 907 4 656 0 999 6 811
2 663 4 131 0 718 5 127 8 952 1 301 9 711 3 953 7 381 6 45
7 224 5 45 8 908 0 517 3 121 9 780 2 427 6 512 1 949 4 615
4 125 6 766 1 91 3 175 9 496 7 165 2 76 8 571 5 779 0 773
2 65 1 237 5 732 3 744 0 685 8 402 6 767 4 685 9 117 7 331
4 259 1 632 9 561 8 780 0 487 2 695 5 394 3 433 7 66 6 203
2 899 1 120 5 656 8 225 0 92 3 631 7 528 6 156 9 281 4 635
3 706 7 305 0 321 1 722 8 982 6 311 5 450 9 373 2 264 4 617
0 218 9 790 4 559 2 369 7 777 3 362 6 44 8 578 5 866 1 354
9 960 7 794 5 296 1 596 6 655 8 738 3 413 0 425 4 72 2 132
6 406 5 411 0 118 1 288 2 442 9 349 4 505 7 595 8 345 3 871
9 965 8 548 4 1 0 548 2 461 3 804 1 708 5 602 6 80 7 474
1 518 7 797 8 241 5 688 2 90 4 384 9 300 6 301 0 723 3 137
4 276 3 408 2 368 5 328 1 850 0 974 8 257 9 388 6 25 7 944
9 302 4 130 0 28 2 228 5 503 6 802 7 376 3 461 1 934 8 512
9 238 7 162 0 377 6 580 1 648 3 353 4 675 2 967 8 21 5 382
9 634 4 123 2 848 7 732 6 323 5 133 0 427 1 462 8 105 3 233
8 921 7 522 0 661 6 698 3 592 2 274 4 591 1 701 5 293 9 81
2 483 8 944 5 562 6 583 0 271 1 789 9 947 4 153 3 17 7 381
1 366 4 352 0 317 6 531 3 632 7 884 2 699 8 566 9 436 5 892
8 31 9 121 3 198 4 317 5 778 1 683 0 478 6 933 2 462 7 255
2 352 0 562 9 367 8 391 5 168 6 332 1 157 3 482 4 379 7 516
7 310 0 287 2 721 9 80 8 152 3 964 1 751 4 60 5 932 6 496
8 377 4 470 3 518 6 897 5 756 7 45 0 369 1 226 9 129 2 599
1 768 9 109 2 645 8 846 0 495 7 513 3 709 6 383 5 367 4 208
1 215 3 319 8 944 5 472 7 196 2 545 4 865 6 764 9 354 0 824
0 899 8 838 5 366 9 862 2 835 6 307 1 622 7 647 3 302 4 555
1 957 6 989 9 344 0 891 8 135 3 904 5 893 4 601 2 900 7 145
3 376 4 251 9 106 0 252 5 282 2 389 8 922 7 320 6 985 1 525
6 333 9 13 7 90 3 476 1 72 0 912 4 258 8 836 5 586 2 325
2 606 3 912 4 526 7 378 8 922 5 661 1 916 6 612 0 902 9 123
0 841 4 873 7 13 3 903 6 591 9 873 1 223 5 401 2 240 8 665
2 935 6 404 7 348 1 317 5 150 9 487 4 154 8 898 3 790 0 288
0 506 2 13 5 851 7 128 9 841 4 131 1 795 3 110 6 470 8 382
7 847 2 724 6 401 4 641 3 313 9 64 8 531 1 225 5 237 0 360
6 233 1 304 4 948 9 550 3 826 0 542 8 212 7 955 2 176 5 982
7 243 5 794 8 731 6 490 4 938 9 940 1 528 2 596 0 759 3 452
9 33 0 379 6 26 2 319 5 799 8 670 7 577 1 106 4 218 3 32
0 871 4 319 1 329 2 296 3 383 9 965 5 396 8 59 6 54 7 442
7 966 5 32 0 390 2 520 3 953 8 336 1 495 9 138 6 370 4 49
9 713 1 2 7 963 8 141 3 260 0 928 5 31 6 339 2 480 4 640
7 472 3 634 8 848 0 553 9 196 5 757 4 881 6 206 2 278 1 880
4 657 0 595 8 137 9 62 1 771 2 957 5 703 6 484 3 959 7 637
6 16 7 357 1 245 5 211 3 438 2 794 0 738 9 196 4 829 8 726
3 163 8 328 0 8 7 787 2 182 1 610 5 870 6 973 4 201 9 269
7 588 3 689 1 282 4 559 5 308 8 546 6 757 9 692 0 867 2 488
6 44 5 74 0 336 7 876 9 760 8 341 3 288 4 13 2 246 1 830
0 830 5 648 4 949 3 236 6 959 9 800 8 108 2 855 7 476 1 482
5 489 7 493 4 250 0 675 8 123 6 596 1 251 3 424 2 33 9 291
2 439 1 866 3 251 5 453 8 853 6 476 4 942 7 578 9 330 0 930
4 358 5 251 7 741 2 480 6 635 8 522 0 553 3 588 1 670 9 204
6 657 5 897 0 461 7 12 8 875 2 25 3 314 4 230 9 723 1 997
6 442 8 644 9 640 3 796 2 817 7 136 0 499 4 551 1 338 5 855
5 419 3 685 8 108 0 102 1 478 7 704 6 297 9 676 2 186 4 418
3 904 0 60 8 826 7 877 1 850 4 325 6 956 2 38 5 553 9 455
8 767 5 245 1 733 7 564 9 865 3 540 2 400 4 9 0 647 6 706
5 185 2 296 1 70 0 26 4 814 8 620 6 22 7 813 9 778 3 263
8 470 2 520 7 614 3 571 4 770 5 315 1 580 0 659 9 969 6 680
4 566 8 494 0 227 1 116 3 669 5 368 6 176 2 573 7 814 9 220
1 451 4 128 2 334 5 289 0 958 3 262 6 902 9 216 7 871 8 786
0 402 7 167 1 376 6 378 3 380 4 606 9 205 8 663 2 86 5 812
3 142 9 210 1 948 4 540 8 899 0 237 5 263 2 402 7 199 6 676
5 133 4 203 8 830 7 686 3 422 9 614 6 952 1 92 2 362 0 158
2 407 0 612 7 198 8 681 4 837 5 354 9 822 3 400 1 615 6 300
4 788 0 122 7 430 2 312 9 246 1 119 5 20 3 413 8 206 6 399
4 347 9 555 3 259 2 293 7 97 5 608 8 620 6 251 1 304 0 255
1 317 2 635 8 850 9 687 0 218 6 510 3 553 4 133 7 560 5 997
4 868 0 343 8 283 9 523 2 862 1 783 5 562 6 323 7 337 3 432
0 311 1 234 9 208 4 312 7 506 2 731 8 594 3 49 6 37 5 356
5 490 4 61 3 570 0 802 2 178 9 958 1 201 6 109 8 608 7 952
0 246 6 938 1 121 4 308 9 871 8 185 7 442 3 177 5 659 2 706
0 742 4 657 2 77 3 697 8 306 6 197 7 296 1 555 9 804 5 430
4 812 3 100 6 393 9 321 2 463 0 271 1 597 8 358 7 448 5 441
0 645 7 350 6 68 2 146 5 609 1 342 3 99 8 833 9 366 4 428
8 724 0 539 7 24 4 989 3 101 2 887 6 572 1 752 5 871 9 65
4 91 0 955 7 454 6 849 2 954 5 280 8 567 9 823 3 310 1 811
6 274 3 254 5 686 7 899 8 734 2 82 1 25 9 538 0 516 4 951
7 262 2 547 0 291 6 479 1 474 3 903 4 18 9 808 8 355 5 644
9 413 3 752 4 299 8 475 5 407 0 269 7 401 6 780 2 230 1 965
1 546 3 344 9 787 4 311 2 21 5 859 6 928 0 373 8 371 7 996
4 509 6 415 5 165 1 410 9 323 7 780 8 80 3 508 2 529 0 591
0 267 7 997 5 293 1 396 3 193 6 963 8 786 2 766 4 594 9 243
4 903 3 70 1 836 7 370 6 137 5 962 0 399 2 274 9 63 8 543
5 757 7 967 2 226 9 909 4 336 6 37 0 944 1 862 8 702 3 88
7 662 9 265 1 440 8 200 3 610 0 42 5 1000 6 735 4 419 2 326
3 8 4 175 2 192 9 5 5 248 1 69 6 429 8 609 7 823 0 772
4 517 2 333 0 723 5 160 3 177 6 524 9 979 1 136 8 94 7 296
7 465 4 607 9 932 3 507 8 509 5 663 0 578 6 549 2 981 1 338
7 871 0 634 4 889 5 142 8 868 9 639 2 874 6 644 3 646 1 857
7 107 1 862 9 103 4 763 2 855 5 771 3 148 0 442 6 818 8 552
5 528 9 150 2 852 0 996 3 815 4 639 6 248 1 64 8 240 7 489
8 434 9 137 3 178 5 766 7 871 6 563 4 551 0 135 2 511 1 980
8 533 5 166 6 277 2 155 7 721 4 379 3 887 0 27 9 679 1 145
0 688 8 31 5 932 9 701 2 779 4 812 1 988 6 506 7 555 3 885
4 928 7 747 2 509 8 911 1 639 0 742 5 591 9 83 6 877 3 993
1 466 9 225 6 425 0 701 3 202 7 751 5 904 4 955 2 966 8 645
9 743 7 15 2 803 3 435 4 837 6 968 8 779 5 322 0 119 1 352
1 466 9 684 6 462 7 870 0 394 5 394 3 251 2 958 8 412 4 8
6 514 9 306 3 39 4 718 7 444 1 392 8 901 0 774 2 886 5 423
2 40 0 316 5 863 6 158 4 509 8 727 3 7 1 195 9 750 7 611
6 427 0 517 9 579 7 417 3 437 1 591 5 827 8 44 2 25 4 178
2 324 1 911 4 370 7 517 9 834 0 440 8 298 5 787 6 188 3 12
9 160 7 202 0 490 2 54 5 908 4 619 3 130 1 647 6 814 8 411
6 827 3 411 5 557 9 605 1 360 0 726 7 203 8 225 4 238 2 945
3 61 2 109 0 825 5 933 9 353 7 751 4 800 1 379 8 392 6 820
0 289 4 949 8 91 3 64 6 279 7 212 1 433 9 419 5 304 2 816
0 246 4 211 8 451 6 413 9 696 5 540 7 951 2 408 3 923 1 409
4 86 9 478 1 805 8 373 7 280 2 557 6 619 0 51 3 44 5 898
5 930 6 542 3 153 4 126 2 825 0 558 7 707 8 965 9 123 1 432
1 393 7 332 8 443 2 920 0 740 9 551 4 881 3 373 6 962 5 132
5 89 6 546 3 759 1 335 2 938 0 981 8 37 9 555 7 20 4 317
4 434 0 266 2 651 7 61 1 792 3 17 8 864 9 335 6 331 5 971
4 838 9 991 8 51 7 344 0 626 1 805 2 72 5 290 3 787 6 462
1 821 4 572 8 305 3 408 9 158 6 368 2 43 7 744 5 347 0 923
5 448 8 970 7 623 3 814 4 895 2 980 9 434 6 892 1 218 0 728
4 241 8 331 3 629 6 731 1 560 5 817 7 197 2 655 9 246 0 533
6 651 5 801 2 62 8 974 9 279 7 800 3 422 4 740 1 313 0 83
5 832 0 353 3 323 9 661 6 446 4 332 2 539 8 873 1 234 7 410
7 693 3 651 6 347 5 145 4 85 2 754 0 268 8 210 9 481 1 73
3 503 2 298 7 140 5 492 6 95 9 253 1 495 0 501 8 627 4 952
7 155 9 227 5 742 4 514 3 274 6 603 8 211 2 493 0 499 1 182
3 853 2 327 8 643 9 407 7 421 5 648 0 513 1 439 6 509 4 119
6 450 0 599 3 553 1 773 8 891 2 729 9 285 4 398 5 221 7 796
7 49 0 55 5 187 1 866 4 290 2 272 3 71 6 55 8 250 9 936
5 514 0 992 6 367 2 999 3 210 7 30 4 201 1 661 9 693 8 518
7 309 2 180 9 972 6 366 5 391 0 396 3 700 1 613 8 676 4 651
3 13 8 927 9 749 6 222 2 421 5 741 7 551 0 209 4 295 1 725
5 360 3 311 4 557 1 339 8 860 2 343 7 733 9 316 6 213 0 963
7 62 3 154 1 129 0 62 4 756 5 353 2 997 9 49 8 489 6 260
4 200 1 585 6 612 7 437 2 186 0 897 8 502 9 384 5 843 3 832
3 718 2 218 4 24 0 927 9 407 7 627 5 352 8 945 6 583 1 861
1 988 4 519 6 392 3 984 2 261 5 647 7 516 0 940 8 544 9 1000
8 473 9 138 2 724 7 773 4 756 1 312 0 100 5 260 6 521 3 143
6 488 0 841 1 657 3 562 7 894 2 132 5 852 9 588 8 350 4 579
9 238 0 70 7 3 8 501 5 622 3 165 2 733 6 197 4 81 1 60
7 715 6 439 4 438 5 707 2 565 3 234 1 674 8 948 9 664 0 34
6 491 7 365 0 483 5 688 3 42 9 783 8 631 1 929 2 226 4 162
0 147 9 216 6 765 7 67 2 261 8 696 4 597 1 211 3 876 5 939
9 480 6 997 0 706 2 616 5 580 3 579 1 375 8 188 7 674 4 405
1 361 4 480 9 688 3 920 7 16 8 18 6 870 2 47 0 589 5 875
3 338 0 697 1 275 8 500 4 847 7 798 2 814 6 310 9 120 5 423
5 919 2 157 6 611 7 433 1 521 0 535 8 112 3 742 9 30 4 935
1 353 4 768 2 83 3 449 7 171 5 707 9 643 8 329 6 610 0 358
9 407 5 781 4 571 8 181 1 818 3 315 7 170 0 582 2 706 6 16
8 636 0 341 2 130 9 895 6 791 7 95 5 949 4 82 1 230 3 135
6 62 0 39 9 73 2 969 1 603 5 146 7 657 3 969 8 335 4 115
3 448 9 63 0 62 1 236 4 711 2 905 6 587 5 458 7 153 8 428
1 557 9 949 7 805 2 673 6 521 0 509 3 753 5 744 4 1 8 619
6 577 1 164 0 738 9 585 5 303 4 899 8 259 7 191 2 917 3 7
9 577 7 459 0 982 5 926 8 504 6 116 2 722 1 291 3 43 4 219
9 344 2 686 0 740 6 935 3 589 1 127 7 32 8 595 5 699 4 74
3 866 2 214 4 942 5 39 0 279 6 439 7 872 9 394 8 433 1 91
6 643 3 170 1 461 5 517 9 854 2 760 0 272 4 192 7 897 8 901
7 374 1 908 4 347 5 240 0 26 3 667 9 891 6 195 2 698 8 62
7 171 6 841 2 322 8 985 4 96 1 526 9 665 5 591 0 374 3 210
4 529 2 371 1 729 8 948 9 775 6 813 0 598 3 568 5 794 7 269
7 119 9 324 1 896 5 336 8 166 6 133 3 828 2 180 0 801 4 304
2 468 4 169 9 963 3 999 8 431 5 525 0 756 6 811 1 860 7 548
6 318 8 704 1 573 5 755 4 120 7 522 0 202 9 655 3 256 2 82
3 290 9 303 7 457 0 485 2 37 4 651 1 253 8 513 6 669 5 615
4 179 7 516 8 946 2 416 6 617 9 499 1 388 0 297 3 557 5 427
4 291 5 402 3 661 2 728 0 315 6 894 7 631 9 944 8 516 1 128
2 210 5 795 3 445 0 274 9 627 1 986 6 640 8 969 4 396 7 128
3 545 7 768 4 190 0 233 9 376 5 399 1 144 6 198 2 782 8 855
