1000 10
7 870 3 270 0 462 5 719 1 85 9 482 8 359 4 314 2 401 6 920
4 490 6 903 1 201 7 434 0 995 8 35 9 812 5 777 3 273 2 502
0 746 1 89 4 628 2 121 3 295 5 717 7 155 8 843 9 37 6 657
1 266 5 615 7 965 4 526 3 725 6 274 0 241 2 423 9 155 8 568
9 681 3 395 4 481 2 382 1 120 0 940 7 641 5 210 8 538 6 948
3 640 0 286 7 916 4 447 5 993 1 196 2 816 9 275 8 953 6 851
3 836 6 587 7 488 2 64 5 198 0 428 4 264 8 128 9 222 1 415
2 550 0 857 6 64 1 741 9 538 8 240 4 524 3 153 7 332 5 509
2 916 1 670 4 957 0 836 6 633 9 817 7 935 8 852 3 26 5 42
1 66 2 466 6 555 0 980 8 892 7 944 9 462 5 180 4 796 3 774
5 40 3 910 2 460 1 626 0 986 8 530 9 848 6 236 7 834 4 718
1 863 6 522 0 958 4 541 2 261 8 563 9 237 7 973 5 978 3 591
8 986 3 854 4 731 5 683 0 374 1 335 6 619 7 107 9 8 2 762
9 173 1 615 7 595 4 55 6 241 8 936 0 628 3 415 2 881 5 708
1 455 3 511 5 94 8 540 6 853 0 748 4 68 7 343 9 636 2 757
7 967 5 848 1 755 4 772 3 864 2 835 8 384 9 863 6 648 0 509
4 25 0 803 7 479 2 152 3 155 6 264 1 377 9 853 5 154 8 535
0 599 9 828 6 949 1 47 4 189 7 232 5 125 3 223 8 525 2 6
4 258 3 959 6 960 5 907 2 674 1 383 9 628 7 453 0 455 8 41
0 822 8 474 7 12 3 946 6 645 5 101 2 636 4 715 1 217 9 327
5 438 0 510 1 534 2 873 4 225 8 564 7 353 6 248 9 744 3 315
0 997 8 1 2 50 5 773 6 906 7 596 1 410 3 68 9 348 4 294
8 197 3 673 0 43 7 862 6 21 2 987 9 228 5 849 1 617 4 421
7 507 2 824 9 942 5 208 8 243 0 935 6 271 1 704 3 644 4 817
4 948 5 211 1 496 6 863 9 258 0 923 2 618 7 679 3 343 8 949
9 435 7 9 4 272 6 954 1 931 2 781 5 809 3 451 8 112 0 240
0 736 2 561 5 93 9 622 7 422 6 802 1 858 8 305 4 251 3 528
2 644 0 623 8 189 1 643 6 474 9 305 3 244 4 855 7 579 5 680
6 534 2 752 9 606 0 883 4 738 1 473 8 656 3 147 7 91 5 469
3 684 1 823 7 699 0 749 8 410 6 283 4 433 5 823 9 839 2 891
8 505 0 608 3 28 9 502 7 142 2 48 5 406 1 950 6 150 4 395
1 537 8 51 7 98 9 104 3 281 4 199 5 152 6 787 0 359 2 324
0 120 9 29 8 277 3 834 6 383 7 379 1 326 5 13 4 379 2 116
8 709 4 66 5 908 6 723 9 696 0 298 2 315 7 301 3 976 1 40
2 130 5 436 4 504 0 828 1 95 8 522 7 752 3 858 9 711 6 113
5 917 8 540 1 659 2 359 6 22 9 292 3 553 0 560 4 302 7 30
8 593 4 475 9 529 2 490 7 546 6 942 3 164 5 719 0 193 1 558
6 166 5 3 7 709 1 30 2 725 4 927 3 362 0 120 9 350 8 31
0 137 5 314 1 645 2 512 4 224 9 976 8 453 3 74 6 843 7 128
5 132 7 876 9 126 4 370 2 94 1 14 8 277 6 21 0 325 3 762
7 739 6 319 9 178 1 28 2 731 0 965 8 754 4 929 3 799 5 840
2 976 3 67 5 155 4 985 0 819 8 602 7 244 6 571 9 739 1 615
4 298 1 238 3 958 5 554 2 759 7 940 9 129 0 731 6 27 8 524
2 893 6 837 7 846 3 357 8 32 1 702 5 592 4 292 0 213 9 500
4 473 8 46 7 625 0 266 5 872 9 833 6 723 2 135 3 258 1 732
5 215 8 127 6 410 9 639 2 670 3 619 0 663 1 950 4 614 7 764
4 558 6 151 5 930 0 5 1 324 3 754 9 886 8 262 2 480 7 744
8 185 6 957 1 956 4 508 2 574 0 535 9 454 5 527 7 49 3 244
1 503 0 928 6 235 8 504 3 487 2 984 4 826 7 93 9 618 5 498
3 89 6 894 4 139 2 617 7 679 5 967 1 252 9 573 0 126 8 552
2 911 7 45 4 162 8 872 3 236 9 136 1 27 6 750 0 72 5 823
1 641 3 331 2 534 0 26 7 324 6 915 4 212 8 410 5 253 9 91
0 789 2 38 1 293 6 756 8 878 9 24 4 32 3 565 7 616 5 271
6 196 7 295 8 17 2 927 9 468 3 761 4 974 0 253 1 12 5 828
0 481 6 460 7 352 4 553 5 123 8 598 3 661 1 383 9 663 2 116
9 516 4 449 6 275 8 966 0 62 2 819 1 595 3 254 5 593 7 53
8 92 5 942 9 382 4 24 6 906 1 114 2 579 0 765 7 54 3 736
1 332 0 189 7 119 4 340 3 17 8 27 5 715 2 944 6 851 9 166
5 459 3 657 7 537 4 954 8 985 6 52 9 618 0 398 2 534 1 271
1 718 7 641 2 588 3 229 8 78 9 782 4 661 5 881 6 740 0 518
5 463 9 420 0 527 8 708 3 948 6 521 4 247 2 995 7 282 1 549
6 682 3 124 2 947 4 532 7 265 8 220 0 58 1 398 9 939 5 394
1 91 7 689 5 691 6 150 4 29 9 592 3 840 0 317 2 400 8 641
0 953 9 665 3 245 5 237 4 891 1 710 2 758 8 152 6 160 7 79
9 906 6 904 1 926 3 14 0 597 5 394 2 905 7 978 8 722 4 95
8 830 2 715 3 790 6 342 9 229 1 369 4 91 0 796 5 345 7 754
4 333 9 118 3 624 6 395 5 540 8 271 0 434 1 262 7 855 2 517
1 568 9 945 4 713 7 341 8 258 3 935 5 531 2 943 0 724 6 144
1 702 9 892 3 238 5 716 4 331 2 491 7 823 8 213 6 769 0 668
6 829 3 273 1 409 2 532 0 444 9 598 5 697 8 782 7 265 4 697
9 636 0 955 5 529 2 135 7 59 4 952 1 91 6 588 3 386 8 910
3 302 9 178 6 761 2 327 5 968 0 553 7 773 1 212 8 821 4 357
2 123 6 212 7 608 5 693 8 200 9 318 1 649 4 128 0 64 3 615
0 675 7 546 2 777 8 831 9 592 1 476 6 347 3 166 5 468 4 513
6 734 2 157 7 947 1 748 9 40 8 814 3 720 5 159 4 610 0 525
0 179 2 967 9 389 1 696 7 669 6 67 8 14 5 690 4 43 3 971
8 372 3 53 7 173 1 238 9 298 2 37 0 858 5 707 6 181 4 746
2 818 3 785 9 643 4 22 1 31 7 634 8 582 6 893 5 337 0 466
3 804 7 657 6 765 4 189 9 212 8 613 0 881 1 806 5 71 2 546
6 334 9 805 5 817 0 933 4 875 2 432 3 491 7 713 1 930 8 474
2 902 0 465 7 473 5 512 4 917 8 438 9 831 3 864 6 303 1 134
7 496 1 197 6 128 8 862 3 575 0 341 4 764 2 630 5 736 9 539
7 87 4 874 5 239 9 648 6 772 0 442 3 656 2 485 1 15 8 559
4 492 0 451 3 865 9 549 8 692 5 676 6 488 1 480 7 357 2 458
8 912 9 111 5 785 2 92 3 874 1 142 4 206 0 82 6 408 7 287
2 357 7 798 4 274 5 800 1 897 0 730 6 208 3 823 8 257 9 128
1 676 3 602 8 604 4 380 5 642 7 28 9 216 0 470 2 120 6 666
2 455 0 868 5 396 6 419 4 223 9 460 1 47 8 941 7 885 3 463
2 828 3 389 7 45 5 362 9 748 1 118 8 352 6 29 4 625 0 67
7 794 6 870 0 309 3 207 9 806 4 824 5 78 8 625 2 153 1 700
4 152 6 942 1 888 2 786 8 280 7 175 5 583 3 161 0 745 9 209
9 519 8 618 2 532 4 619 6 83 3 915 5 520 7 889 1 456 0 623
2 284 6 311 8 518 5 850 3 181 9 890 1 871 4 651 7 505 0 313
0 210 9 506 4 150 2 465 3 988 1 368 6 911 8 749 5 741 7 326
6 916 5 308 2 138 1 614 8 526 9 725 7 28 4 6 0 268 3 109
3 725 7 355 1 532 6 777 9 394 8 641 0 489 5 191 4 841 2 833
7 869 0 359 2 800 4 715 3 108 8 903 6 703 5 219 9 126 1 979
0 292 9 696 4 302 2 604 8 106 6 175 1 707 3 111 7 668 5 134
9 258 4 30 7 619 8 957 2 606 3 764 0 978 1 871 6 438 5 482
5 834 8 613 0 25 2 847 3 359 7 716 6 344 9 356 4 446 1 805
7 631 0 780 8 681 5 98 2 562 9 242 3 785 4 697 1 145 6 998
3 759 4 976 9 944 6 784 7 535 5 848 0 413 1 581 2 593 8 367
3 118 4 478 9 13 6 757 7 926 0 877 1 962 8 952 2 108 5 843
8 99 7 43 1 65 6 533 4 704 2 249 0 428 9 781 5 868 3 832
0 723 5 861 7 784 4 496 1 416 9 134 3 811 8 90 6 141 2 726
1 924 4 661 9 198 7 264 6 86 5 52 8 938 0 830 2 270 3 996
8 829 1 833 4 772 3 73 9 485 7 945 6 284 2 584 5 743 0 432
5 912 3 367 1 846 9 160 2 436 0 897 4 879 6 533 7 805 8 606
6 91 2 229 1 958 3 127 7 370 5 204 4 921 8 246 9 105 0 940
7 175 8 539 0 727 2 338 4 708 1 444 6 882 3 964 5 346 9 228
8 233 2 558 4 128 7 28 1 93 5 459 9 934 3 352 0 873 6 473
4 976 6 672 1 907 2 309 7 589 8 62 0 590 5 606 3 90 9 295
6 285 7 14 0 960 3 666 8 110 2 458 1 239 5 598 9 353 4 578
4 237 5 233 2 156 3 612 0 88 1 682 8 116 7 299 9 195 6 328
3 386 4 621 2 392 1 860 5 511 9 123 0 266 8 952 7 966 6 441
1 478 3 747 6 276 9 501 4 278 8 989 7 286 5 436 2 361 0 900
2 728 0 920 1 139 7 602 9 749 3 446 4 388 6 541 5 896 8 291
0 599 2 638 3 438 4 959 5 193 6 653 7 389 8 906 1 316 9 657
8 973 1 354 7 56 5 918 2 834 3 423 6 581 9 767 4 211 0 870
5 887 2 483 7 250 4 297 3 965 6 995 1 624 9 527 0 760 8 993
8 125 6 616 2 69 7 733 1 536 9 513 0 176 3 337 4 441 5 422
5 893 3 196 7 305 9 541 8 595 4 428 6 866 2 7 0 72 1 892
4 513 7 130 5 275 1 629 8 124 3 825 2 426 0 161 6 641 9 773
3 960 0 371 4 709 1 204 9 122 8 537 7 382 2 576 5 95 6 923
7 366 5 699 4 418 2 470 9 60 8 398 3 437 6 361 0 416 1 817
7 708 0 857 4 731 5 180 8 395 3 112 2 425 1 412 6 292 9 48
1 572 0 394 2 105 7 589 5 406 3 677 4 562 6 8 8 795 9 576
9 572 1 463 5 976 4 70 8 599 7 386 0 36 2 857 3 842 6 545
6 281 2 138 1 828 9 234 7 991 5 962 3 553 0 342 4 38 8 919
2 160 3 643 7 477 1 603 5 966 4 892 0 924 8 391 9 273 6 932
3 2 9 484 4 770 5 329 8 796 6 554 0 463 1 109 7 59 2 137
6 340 5 457 4 417 9 124 0 134 8 138 2 759 1 575 7 515 3 661
3 550 4 965 0 554 9 606 6 40 8 980 1 771 2 948 5 338 7 868
9 602 1 625 0 393 2 826 8 141 7 485 6 365 5 435 4 151 3 178
6 310 7 779 2 248 4 779 1 626 5 990 0 883 8 261 9 57 3 678
2 789 8 679 1 821 9 747 3 109 5 814 6 505 0 864 4 780 7 865
1 500 2 826 6 65 5 292 8 330 3 924 0 889 7 247 9 816 4 701
7 658 5 638 8 209 4 739 6 251 2 164 3 986 0 897 9 442 1 776
3 567 1 932 8 305 0 986 2 752 5 75 7 734 4 991 6 35 9 892
1 197 2 855 4 999 8 284 0 476 3 96 9 730 5 399 7 330 6 444
5 632 1 805 0 989 3 37 2 768 7 581 9 848 8 776 6 605 4 875
0 565 7 919 9 606 6 708 2 796 8 737 3 650 5 907 4 512 1 124
4 156 1 613 8 858 7 763 0 462 2 678 6 445 5 898 3 109 9 550
6 845 3 190 7 513 5 806 8 612 2 898 4 159 1 972 9 99 0 387
6 765 9 807 2 865 8 797 7 586 4 900 3 787 5 663 1 280 0 502
2 160 8 210 1 726 5 244 4 720 0 295 3 766 6 245 7 960 9 589
0 983 1 991 7 965 2 586 3 872 9 612 4 619 8 305 5 26 6 222
4 952 2 18 8 761 9 497 3 314 1 303 5 279 7 590 0 985 6 618
7 397 6 73 5 762 0 316 1 646 4 576 8 9 2 360 3 826 9 572
3 635 5 558 6 740 1 516 0 757 7 324 4 40 9 828 8 245 2 903
7 29 0 581 9 331 5 127 3 458 6 573 1 739 2 936 8 281 4 879
7 361 6 589 2 597 5 62 9 409 4 143 8 857 0 4 1 883 3 979
7 110 1 663 3 488 9 753 6 976 0 634 2 995 8 104 4 518 5 641
4 447 1 64 2 540 7 69 0 808 3 183 6 150 9 112 8 192 5 861
9 36 8 219 6 562 1 843 0 485 5 267 2 587 3 550 4 249 7 243
0 393 7 778 5 919 4 522 6 643 1 57 9 783 8 517 3 619 2 75
1 157 0 855 5 372 2 935 9 442 7 700 4 388 8 711 6 841 3 45
9 535 4 113 6 651 5 790 2 533 8 250 1 744 7 772 3 881 0 118
4 523 7 242 0 15 1 714 2 904 3 490 5 98 6 27 9 316 8 368
7 631 1 727 5 401 2 130 3 353 6 80 9 509 0 532 8 818 4 137
2 518 5 585 4 370 8 321 6 868 0 259 9 543 3 429 7 994 1 3
1 610 9 490 7 827 2 580 6 25 5 248 3 133 4 322 0 735 8 346
1 317 8 512 4 644 3 817 5 983 9 551 7 442 0 816 6 935 2 59
3 309 9 939 1 809 5 246 2 790 7 353 6 577 4 472 0 309 8 912
8 496 6 734 4 824 5 399 1 821 3 607 7 956 2 870 0 155 9 206
2 78 4 882 6 92 8 602 5 911 7 982 1 82 9 217 3 410 0 139
2 917 3 306 5 251 8 879 0 679 4 778 9 158 7 180 6 552 1 815
3 673 9 415 1 342 0 496 2 7 4 657 6 228 7 653 5 138 8 794
5 422 7 707 8 813 2 113 9 975 0 544 4 187 1 192 6 15 3 108
8 294 7 588 4 164 5 272 3 328 0 787 6 155 9 985 1 367 2 78
9 555 6 924 8 641 4 894 0 143 7 110 5 733 3 346 1 574 2 395
2 217 5 102 0 137 3 684 7 37 1 904 8 128 6 142 9 604 4 204
1 553 0 157 8 514 4 816 6 670 3 480 2 54 9 297 7 985 5 621
4 781 5 988 3 479 1 13 2 608 7 417 0 503 8 570 6 836 9 281
3 294 7 461 1 268 0 8 2 576 9 861 5 773 6 557 4 180 8 922
1 558 8 735 0 236 7 167 3 73 9 386 5 672 6 405 4 2 2 615
4 198 6 20 3 44 5 265 1 104 0 940 8 354 9 284 2 635 7 882
6 609 9 488 4 31 7 255 1 183 0 107 5 535 8 18 3 127 2 964
4 559 6 846 8 309 0 739 2 37 9 886 3 688 5 279 1 102 7 548
4 33 3 648 0 478 2 841 9 831 6 130 8 938 5 151 1 420 7 91
0 574 4 586 7 271 2 835 9 774 1 84 3 846 6 610 5 195 8 704
9 600 6 377 1 301 8 631 5 61 3 14 4 775 2 702 0 107 7 514
9 684 2 201 7 398 3 807 0 35 6 552 8 522 4 267 5 385 1 407
8 464 9 210 6 780 7 244 4 179 2 688 1 360 3 322 0 390 5 819
2 464 1 402 0 292 7 774 4 266 5 713 6 531 3 66 8 759 9 420
1 541 6 648 8 885 4 864 7 429 3 834 5 819 0 742 2 451 9 879
8 825 5 99 9 196 1 453 0 170 6 390 7 353 4 824 3 871 2 403
6 297 1 809 3 737 4 980 8 654 9 418 5 418 0 287 7 457 2 733
8 544 6 659 9 403 0 388 7 47 5 172 3 226 2 396 1 994 4 510
4 380 1 27 9 838 2 230 5 226 6 560 0 515 8 595 7 220 3 505
9 112 8 860 6 365 7 935 1 138 5 835 3 907 0 535 2 920 4 119
4 957 5 826 9 30 2 55 1 393 6 915 8 772 7 10 0 41 3 600
1 683 8 524 5 81 0 938 3 692 6 387 9 664 2 463 7 108 4 16
4 513 7 967 5 271 9 600 8 621 0 923 3 472 2 370 6 238 1 841
1 946 3 715 7 762 5 988 0 198 9 717 6 650 8 81 2 498 4 542
2 311 1 580 0 706 6 269 5 496 3 433 7 862 9 399 8 281 4 430
8 384 6 399 0 364 2 837 7 304 1 517 3 565 4 344 9 710 5 229
4 908 9 309 7 594 0 32 1 4 5 121 8 195 3 720 2 851 6 425
3 675 2 724 0 622 4 803 7 452 5 475 6 467 1 139 9 578 8 670
7 490 5 929 2 627 6 342 0 88 9 280 8 215 4 229 1 201 3 570
4 544 9 400 6 657 2 598 0 230 8 81 7 480 1 956 5 178 3 156
0 128 8 199 5 133 1 975 3 500 7 289 4 740 9 412 2 990 6 765
2 338 7 91 6 877 8 77 1 226 9 64 0 2 5 339 4 351 3 437
2 445 5 469 7 419 0 184 8 609 1 906 6 632 3 68 9 272 4 368
5 726 2 517 8 468 4 24 6 882 3 557 0 716 1 370 9 895 7 172
2 871 3 106 8 403 6 692 1 200 5 564 7 9 0 434 9 909 4 787
0 654 1 424 8 622 5 221 4 866 9 328 2 423 6 714 3 749 7 299
4 690 5 27 9 380 7 40 6 700 8 496 2 439 1 288 0 658 3 650
6 848 9 221 2 832 8 167 3 481 4 915 7 949 5 891 1 834 0 567
0 751 5 115 6 919 8 44 9 686 7 525 4 602 2 324 3 296 1 668
0 434 9 643 3 617 2 832 6 159 5 144 4 252 7 722 8 312 1 565
7 986 3 693 5 875 4 197 1 205 2 719 0 808 9 229 6 362 8 358
5 211 4 323 2 866 9 960 6 197 7 147 3 3 0 451 8 998 1 633
1 671 4 996 5 777 3 336 6 641 8 803 0 667 7 257 2 495 9 274
9 705 5 239 1 752 2 486 0 421 6 15 7 428 8 919 3 836 4 774
1 650 9 362 4 168 7 210 2 938 5 445 6 437 0 34 3 920 8 42
0 370 6 250 2 929 1 293 7 855 4 334 9 78 5 184 8 13 3 255
5 978 7 606 8 853 2 92 6 289 9 819 3 257 1 760 0 831 4 306
0 73 5 873 4 801 1 873 9 612 8 465 2 500 3 719 7 148 6 277
1 825 9 734 6 755 7 19 2 250 8 788 4 407 3 496 5 124 0 867
1 776 4 231 9 664 6 879 8 818 2 294 3 672 7 376 0 620 5 115
6 170 1 733 8 363 4 403 3 68 9 41 7 779 5 723 2 948 0 354
6 188 4 280 0 186 2 235 8 741 1 288 5 510 3 36 7 759 9 723
1 423 6 976 3 88 8 524 0 287 5 28 2 555 4 394 7 656 9 967
8 849 3 700 7 450 6 396 0 486 1 913 4 77 5 28 9 226 2 460
6 46 0 345 3 810 4 678 5 16 8 509 2 82 9 142 7 720 1 154
0 562 2 443 1 540 4 363 6 650 5 139 7 648 9 222 8 147 3 476
5 783 1 205 4 244 9 711 0 315 8 610 3 141 6 4 7 578 2 624
6 964 3 488 8 125 4 272 1 770 0 588 7 541 5 113 9 488 2 736
7 300 2 649 0 299 9 180 3 958 4 672 1 378 5 14 8 930 6 404
8 24 9 543 0 657 1 238 4 722 3 464 2 145 6 859 7 438 5 123
9 694 5 623 3 678 6 572 7 366 4 300 1 168 0 470 8 431 2 97
6 131 5 674 3 152 7 566 2 968 8 418 0 337 1 723 9 522 4 739
0 407 7 95 8 924 4 841 2 632 6 406 1 390 5 596 3 127 9 548
5 43 4 896 1 333 7 39 8 602 2 579 6 996 3 617 0 527 9 896
9 281 7 618 3 862 6 672 4 78 2 932 8 643 5 472 1 241 0 944
3 128 9 117 4 820 8 518 1 204 2 172 6 201 7 665 5 981 0 54
3 682 0 601 6 970 9 937 2 347 5 250 1 727 8 330 7 349 4 322
6 957 4 157 1 63 7 1000 9 845 0 911 3 658 5 96 8 393 2 435
9 418 3 531 5 664 4 121 7 805 0 931 1 892 6 677 2 321 8 43
3 850 8 563 0 398 1 525 5 317 4 88 9 196 2 110 6 191 7 755
8 2 0 388 5 141 4 147 9 77 2 911 3 501 1 730 6 122 7 381
7 375 0 183 8 16 9 472 6 581 5 457 4 269 1 442 2 192 3 959
6 379 1 697 8 665 4 821 0 782 9 341 3 929 2 1 7 957 5 693
8 526 6 572 0 26 7 362 2 466 3 188 9 512 4 940 1 681 5 69
2 72 7 744 5 567 8 216 1 648 4 779 9 755 3 60 0 128 6 528
8 220 6 448 2 627 9 165 3 591 4 714 0 471 5 196 7 674 1 994
2 296 3 709 1 800 9 616 6 247 5 273 0 522 4 253 8 26 7 41
5 974 2 845 8 345 9 861 0 102 4 393 3 164 7 232 6 207 1 651
1 508 9 776 4 892 2 442 7 789 8 764 3 991 6 830 0 956 5 903
8 804 1 877 3 91 2 313 9 26 7 820 5 142 4 556 0 895 6 609
8 17 3 331 0 311 5 309 4 944 1 399 9 120 7 23 6 674 2 851
2 700 3 531 7 539 4 695 8 916 5 410 9 725 0 827 1 334 6 523
0 770 4 937 3 347 7 239 5 545 9 356 2 640 1 482 8 994 6 312
2 638 0 614 5 16 4 343 6 576 7 625 1 402 3 834 8 681 9 326
3 341 8 713 6 271 7 33 0 402 5 689 2 360 4 788 1 143 9 948
2 319 8 591 9 133 5 231 0 59 6 476 1 174 7 916 4 300 3 552
5 856 4 344 9 571 3 286 6 587 2 143 0 110 1 206 7 402 8 635
8 740 3 362 6 777 7 252 1 579 4 952 5 708 0 801 2 379 9 436
0 608 1 860 6 798 4 133 7 761 9 20 3 463 8 200 2 718 5 140
0 245 7 426 3 300 2 881 5 122 6 86 9 838 1 696 4 452 8 854
0 646 3 862 7 943 2 447 9 571 6 265 1 948 5 597 8 846 4 628
5 579 2 373 3 186 9 368 7 384 6 546 4 841 8 317 1 973 0 822
6 789 0 728 3 476 1 346 8 26 4 614 2 487 7 250 9 373 5 607
7 502 3 599 1 624 6 966 4 180 0 344 9 461 8 172 5 583 2 867
5 612 1 293 6 882 0 100 7 99 4 370 2 921 9 888 3 353 8 533
5 520 1 924 7 40 2 844 3 47 6 270 4 685 9 236 8 86 0 789
0 732 7 342 6 105 5 221 9 524 2 359 1 801 4 986 8 653 3 962
1 7 3 542 0 490 6 592 2 981 4 677 7 766 5 376 9 979 8 973
3 839 0 929 1 619 7 668 4 306 5 380 2 586 9 385 6 433 8 238
8 691 7 276 9 568 1 491 3 457 4 2 6 568 2 999 5 400 0 153
2 365 0 637 3 793 9 306 7 531 1 314 8 241 4 92 6 448 5 732
1 756 2 700 5 933 9 733 7 875 4 962 8 438 3 987 6 560 0 744
8 236 3 561 5 89 1 548 9 436 4 960 0 289 7 644 6 246 2 511
9 854 6 273 7 227 3 771 8 104 1 35 4 235 0 263 2 696 5 796
5 227 2 68 7 768 9 650 0 944 4 955 3 580 6 892 8 354 1 295
5 29 0 13 8 656 4 449 1 294 3 766 2 548 9 339 6 765 7 158
2 218 8 214 4 992 0 293 1 850 5 246 9 288 3 710 6 664 7 810
1 639 0 419 4 52 5 266 7 634 9 570 2 587 8 490 3 219 6 948
6 714 0 187 7 5 4 62 8 105 1 801 3 244 2 113 9 788 5 719
7 209 1 645 4 1 2 205 6 208 0 322 5 767 9 884 3 582 8 294
2 620 7 856 3 354 0 755 1 8 9 652 5 438 4 176 8 75 6 828
4 882 0 479 1 984 2 323 7 485 9 183 5 709 3 549 8 97 6 608
7 816 3 919 5 362 2 627 0 551 8 355 4 147 9 284 1 972 6 255
2 453 5 704 4 715 0 317 9 604 8 585 6 698 1 357 3 233 7 608
1 420 5 710 4 421 0 65 7 617 6 371 8 737 3 554 2 494 9 122
3 895 2 542 1 660 6 529 4 188 7 270 5 864 8 177 9 309 0 695
3 350 1 957 0 58 6 167 9 731 8 667 2 347 5 248 7 510 4 840
2 582 8 271 5 553 6 283 9 106 7 94 0 18 1 239 4 964 3 477
3 441 7 116 8 715 6 64 2 397 1 992 9 82 5 282 0 951 4 734
7 905 5 567 6 242 1 680 3 560 4 894 0 334 2 425 9 66 8 678
1 696 0 947 7 561 9 552 3 551 6 655 2 532 5 450 4 86 8 556
6 986 3 11 2 265 7 926 1 953 0 242 4 741 5 863 8 928 9 865
7 537 2 476 5 293 8 615 9 947 1 430 3 988 4 684 6 688 0 513
3 868 6 725 8 924 7 985 2 839 1 871 5 82 0 551 4 687 9 992
7 625 9 148 4 536 0 977 6 299 3 533 1 381 2 871 8 10 5 172
5 147 9 305 0 241 1 631 2 4 7 244 8 485 4 314 6 249 3 530
4 759 1 975 3 263 6 778 9 999 8 598 5 156 2 552 0 549 7 951
0 158 4 21 1 903 2 588 3 809 5 953 6 458 7 188 8 459 9 117
8 231 7 538 5 54 4 709 3 669 6 964 0 649 2 650 1 660 9 591
5 315 1 526 3 517 4 392 8 397 7 304 0 163 9 997 2 251 6 192
2 813 9 354 1 199 4 309 8 908 6 920 3 153 7 865 5 12 0 312
6 895 7 950 2 456 0 637 4 397 8 162 9 686 5 183 3 594 1 349
4 716 8 595 2 286 6 715 0 902 3 824 7 867 5 813 9 462 1 636
0 232 6 514 7 662 2 621 4 284 8 579 5 460 1 804 9 661 3 340
9 83 2 236 6 277 0 847 5 858 4 1 3 317 1 906 8 427 7 723
5 329 8 304 2 426 1 905 9 384 0 694 4 800 7 402 6 806 3 795
7 275 6 366 4 815 2 410 9 155 3 267 1 938 5 205 0 892 8 309
3 24 1 415 6 363 9 565 8 248 2 675 5 447 4 49 0 721 7 179
4 198 7 68 1 267 2 57 0 529 5 804 9 522 3 945 6 60 8 914
7 368 1 439 2 134 0 855 3 469 9 709 5 369 8 617 6 534 4 349
3 191 2 949 7 167 5 69 6 394 1 326 8 998 4 856 0 397 9 347
0 198 5 720 8 44 1 375 2 644 7 930 4 844 6 418 3 354 9 146
1 489 5 333 9 374 2 973 8 547 6 491 4 726 3 254 7 12 0 539
2 522 5 624 8 344 1 377 3 789 7 882 6 161 4 740 0 457 9 768
3 871 1 850 9 639 0 990 7 808 6 704 2 600 5 296 8 793 4 462
5 467 3 796 9 521 6 631 1 772 8 129 2 750 7 838 4 580 0 289
2 143 9 795 5 995 3 250 6 149 1 893 8 575 0 506 7 975 4 834
4 351 1 656 5 161 7 434 9 288 2 64 6 623 3 962 8 851 0 734
7 347 9 508 8 530 4 60 6 329 1 947 2 421 5 182 0 988 3 580
5 398 1 747 6 119 3 928 8 452 7 318 2 642 0 974 4 424 9 794
2 838 1 621 3 306 8 92 5 799 7 359 4 318 0 882 9 997 6 514
9 297 4 618 8 223 5 400 2 482 1 341 0 157 6 934 3 407 7 522
2 792 6 721 9 269 7 134 3 528 0 452 4 475 8 321 5 625 1 790
2 940 9 517 6 675 8 769 4 575 7 808 5 397 3 309 1 421 0 120
0 342 8 147 9 574 4 870 5 207 7 406 2 360 3 475 1 488 6 859
8 501 2 735 4 365 6 161 3 583 0 32 9 757 7 347 1 195 5 727
5 303 8 43 2 296 9 431 6 482 3 241 7 354 1 903 0 631 4 424
2 983 4 175 5 101 1 2 6 77 0 39 7 193 8 522 9 183 3 602
4 95 3 591 7 914 0 985 2 801 8 752 1 272 5 781 9 667 6 938
4 856 3 116 1 9 6 375 7 463 5 468 8 678 2 729 9 471 0 382
2 898 4 557 5 522 9 714 7 486 0 506 1 860 6 80 3 231 8 936
2 939 4 191 7 213 6 933 0 852 1 390 5 807 9 154 8 634 3 591
8 966 3 285 7 805 6 828 9 442 4 272 0 893 5 753 1 20 2 54
1 562 2 641 3 873 8 518 0 402 6 693 4 759 7 88 9 773 5 383
4 239 1 812 6 337 5 557 0 304 7 138 9 461 3 496 8 972 2 227
0 956 5 92 1 561 2 263 4 352 8 2 9 62 7 776 3 847 6 25
3 615 8 948 9 487 6 340 0 575 5 904 2 922 1 941 7 946 4 23
8 430 3 742 4 188 0 346 5 836 6 888 1 585 7 289 9 362 2 876
5 722 1 96 0 567 4 239 7 969 3 508 9 643 2 244 6 473 8 581
9 705 0 129 8 780 1 622 4 65 2 2 6 99 3 855 7 526 5 908
8 740 3 116 0 97 1 706 9 595 6 270 7 616 5 4 4 919 2 639
2 151 6 430 9 991 8 171 1 369 0 421 3 529 4 234 7 747 5 323
2 367 0 105 4 517 7 795 3 647 8 17 5 998 1 873 6 894 9 391
0 83 3 528 8 256 7 738 2 315 5 151 4 734 1 684 6 714 9 382
4 292 6 279 3 608 9 546 7 814 2 553 8 670 0 224 1 382 5 370
5 772 7 862 0 629 4 594 3 66 6 605 8 148 1 368 2 977 9 739
1 317 0 557 7 396 9 701 3 27 4 14 8 24 6 761 2 210 5 40
2 854 5 97 0 61 7 414 4 937 9 156 1 43 6 150 3 721 8 454
5 476 7 938 3 594 6 936 4 773 9 443 2 337 0 538 1 510 8 863
8 517 6 13 4 677 1 803 5 30 9 237 2 321 3 180 7 116 0 387
8 660 6 454 9 334 7 145 4 613 5 264 0 582 3 831 1 882 2 471
2 390 3 994 0 55 6 390 7 441 4 124 5 957 8 247 1 272 9 111
5 186 3 380 8 687 9 74 6 352 0 702 2 660 1 974 4 765 7 663
8 627 7 131 5 935 9 523 0 25 3 91 4 449 6 680 2 739 1 352
1 239 6 430 0 657 5 441 7 938 4 361 9 565 3 487 8 320 2 492
5 466 4 638 7 475 9 600 0 499 8 40 1 660 3 307 6 850 2 43
7 284 1 539 0 929 6 371 9 999 2 57 8 56 3 274 4 373 5 818
4 964 5 203 1 366 9 944 7 8 6 822 2 746 0 624 3 474 8 869
5 306 4 197 9 604 0 493 2 286 7 346 1 198 8 625 6 84 3 668
9 949 8 129 7 114 4 693 1 986 5 743 3 840 6 325 0 329 2 642
2 877 3 803 4 532 8 187 7 796 1 962 5 460 6 677 0 930 9 39
1 716 9 834 6 559 5 502 2 497 7 488 0 111 8 915 3 378 4 26
0 68 2 414 4 112 7 67 5 778 9 761 3 130 6 309 1 390 8 27
7 664 5 71 4 396 9 631 0 25 6 622 8 619 2 206 1 811 3 42
4 495 3 184 5 110 0 689 2 92 6 138 9 854 1 953 8 209 7 530
4 484 2 879 0 304 8 542 9 983 7 669 6 721 1 738 5 844 3 719
5 630 0 608 8 55 2 438 7 54 9 713 3 941 6 406 4 177 1 362
5 256 1 738 9 301 0 386 6 478 3 439 2 195 4 743 7 838 8 838
8 825 2 617 6 839 1 307 4 101 0 854 3 727 9 171 5 970 7 61
8 366 9 170 4 770 5 654 7 693 3 66 1 281 0 126 6 261 2 616
6 625 8 280 5 536 9 208 2 536 3 375 4 926 7 360 1 514 0 800
3 581 0 554 7 907 2 828 4 761 8 756 9 133 5 508 1 660 6 89
5 867 8 237 2 994 6 354 9 200 1 98 7 371 0 263 3 967 4 33
6 558 0 975 4 560 3 726 2 38 7 256 9 867 8 755 1 339 5 968
0 748 5 201 6 728 4 954 1 859 2 32 7 149 8 260 3 982 9 538
4 953 8 884 5 230 7 838 1 869 2 11 9 803 3 41 0 671 6 306
6 37 8 759 7 642 3 849 0 40 1 974 9 14 4 503 5 778 2 683
3 258 1 963 5 445 0 438 4 171 6 184 9 444 2 681 8 326 7 208
6 51 5 566 2 682 3 960 0 239 9 918 8 163 4 904 7 519 1 21
3 421 7 566 0 134 4 611 8 710 6 760 9 446 2 190 1 997 5 327
5 643 9 771 2 717 6 212 7 257 3 579 0 336 8 490 4 130 1 26
0 434 2 595 5 272 1 427 9 723 8 359 3 51 4 910 6 680 7 623
8 800 2 788 6 88 5 143 4 383 0 242 9 950 3 137 7 199 1 768
8 495 1 423 5 440 4 502 3 185 7 544 6 876 2 596 0 149 9 836
3 179 7 487 6 587 2 899 8 489 1 852 9 289 0 95 4 14 5 133
0 872 1 986 4 955 7 584 6 52 2 585 5 196 3 239 8 901 9 584
5 606 7 458 6 70 3 1000 0 694 8 504 9 754 2 155 4 715 1 813
7 710 1 176 2 521 8 685 4 238 6 610 3 387 0 615 5 776 9 523
9 900 0 357 1 375 7 685 2 330 8 695 4 453 3 169 5 800 6 775
6 913 4 377 3 575 5 391 0 465 8 903 1 576 9 646 2 131 7 65
6 928 4 130 9 182 7 148 3 384 5 160 8 544 0 685 2 336 1 183
4 843 6 703 5 512 2 866 8 497 7 534 0 35 9 379 1 568 3 506
8 352 4 597 6 701 9 783 5 862 3 243 7 745 0 617 2 651 1 156
7 722 4 429 8 409 0 15 1 49 5 811 3 302 2 163 6 339 9 360
3 790 0 615 4 214 1 863 7 367 5 873 6 522 9 887 8 257 2 618
2 929 6 120 8 120 7 150 0 428 4 551 3 959 1 713 5 796 9 586
9 67 7 381 2 434 8 773 1 121 4 144 0 803 3 458 6 789 5 955
4 476 5 766 7 352 3 141 9 542 2 736 1 693 0 485 8 541 6 86
4 656 3 399 7 395 2 704 5 715 1 797 9 764 0 445 8 855 6 671
9 485 4 780 0 627 7 590 2 702 6 851 1 828 5 346 8 778 3 475
4 425 9 131 1 415 3 677 5 986 8 28 0 454 7 701 6 373 2 443
0 528 2 957 5 524 9 533 1 730 4 285 3 342 6 639 7 751 8 725
0 448 6 672 7 337 8 525 1 384 5 634 2 356 3 196 9 206 4 839
3 351 9 220 7 720 5 496 2 63 4 47 6 552 8 264 0 426 1 859
0 340 2 575 3 989 7 504 8 905 5 314 6 299 1 371 4 277 9 616
9 898 8 83 5 712 0 496 2 11 1 568 3 558 4 246 7 342 6 699
5 68 9 484 4 936 7 1000 3 836 6 445 0 394 8 281 2 886 1 349
7 967 1 205 5 909 4 980 9 922 2 549 8 76 3 273 6 281 0 526
9 643 5 851 8 250 3 522 4 746 2 171 1 992 7 465 0 696 6 845
6 538 9 174 3 672 0 973 5 112 4 180 7 881 1 543 2 195 8 407
1 801 5 486 9 976 2 30 4 381 7 974 8 697 0 494 3 503 6 558
2 232 7 347 1 493 4 396 8 857 6 751 3 930 5 380 0 547 9 213
3 755 7 92 5 530 9 783 4 968 2 439 1 836 6 411 8 284 0 777
2 653 7 508 9 979 1 57 5 290 6 485 3 768 4 650 8 135 0 512
9 760 0 524 1 573 5 981 7 238 4 569 8 532 2 406 6 380 3 585
5 784 2 783 7 755 4 838 1 835 6 379 9 47 0 188 8 375 3 969
8 561 1 136 0 262 4 885 6 906 2 209 3 584 5 299 7 249 9 28
2 568 0 799 8 154 1 185 7 84 5 808 4 964 9 515 3 574 6 843
8 924 4 229 7 980 1 907 9 667 5 472 2 921 3 245 6 401 0 25
7 333 5 458 6 524 3 567 1 776 9 6 0 169 2 602 8 406 4 86
8 350 9 751 6 144 4 599 5 425 1 984 2 663 3 848 0 49 7 192
4 261 1 873 2 775 3 844 5 354 8 933 7 344 0 717 6 536 9 987
3 874 9 939 2 923 7 507 8 992 0 131 1 88 6 539 5 204 4 920
0 329 5 97 1 80 7 800 4 771 6 539 2 457 8 725 9 636 3 386
7 897 8 164 6 196 1 789 4 32 9 2 0 527 5 706 3 493 2 882
3 83 8 47 6 174 0 316 4 141 2 647 9 538 5 16 7 339 1 584
8 823 7 775 1 581 3 552 2 326 4 266 6 836 0 848 9 351 5 476
8 207 5 265 3 33 2 162 9 55 7 963 4 994 0 51 1 310 6 925
6 824 9 451 8 488 7 854 0 490 1 697 5 445 3 722 4 678 2 280
6 755 0 336 5 423 2 787 1 684 7 376 3 490 4 794 8 737 9 586
2 677 3 921 5 795 9 922 6 77 8 527 1 729 7 919 4 827 0 572
0 475 9 346 8 939 2 531 5 850 4 4 6 848 7 887 1 34 3 592
5 207 2 506 6 789 1 784 3 382 4 352 7 396 9 204 8 217 0 859
3 829 4 533 7 465 9 744 2 372 0 567 1 201 6 350 8 343 5 629
5 342 0 447 2 435 1 238 7 810 3 942 4 436 9 717 6 286 8 64
3 853 1 718 5 930 0 888 9 108 8 596 2 34 6 699 7 593 4 616
5 950 2 698 3 315 0 20 6 590 7 461 1 127 9 758 4 280 8 796
3 950 0 688 5 120 8 657 7 321 6 436 4 650 2 457 9 396 1 388
5 463 3 442 6 100 7 167 1 826 0 591 8 54 9 208 4 934 2 406
5 638 8 65 9 638 6 906 3 249 0 309 7 952 1 932 2 903 4 986
2 7 3 180 1 280 8 365 0 579 9 798 6 330 4 712 5 599 7 144
0 212 1 654 2 199 3 88 5 274 4 80 7 372 6 658 8 598 9 768
4 54 9 86 3 575 7 786 2 501 1 632 5 129 6 146 8 779 0 729
4 913 7 432 8 585 0 579 3 234 1 768 2 741 6 210 5 985 9 390
3 629 8 102 1 9 4 903 7 179 6 885 2 604 5 91 9 540 0 477
6 655 9 207 2 54 5 471 8 745 7 519 3 590 4 311 0 784 1 688
2 996 7 960 3 800 8 498 4 779 6 141 5 72 9 757 0 993 1 593
3 90 9 459 5 207 0 952 4 711 1 707 8 149 7 903 2 141 6 214
8 6 7 694 3 719 4 170 5 811 9 198 6 519 1 340 2 190 0 68
3 258 8 602 6 549 1 525 4 104 7 975 2 209 9 981 0 582 5 399
9 547 1 472 3 474 5 802 0 714 4 713 2 995 7 998 6 531 8 416
0 466 8 492 1 685 6 486 5 80 4 493 9 447 7 573 2 814 3 118
7 585 2 827 0 699 3 70 6 564 8 477 1 726 4 992 5 759 9 23
2 824 7 635 8 495 9 905 0 308 1 167 5 137 4 846 6 206 3 459
3 815 4 230 5 710 6 778 1 478 9 299 7 376 0 467 8 680 2 225
1 313 6 135 7 962 5 791 4 183 9 318 0 100 2 290 8 957 3 890
0 288 4 888 8 682 2 597 5 201 7 937 9 925 1 903 3 761 6 330
6 967 2 15 8 191 4 244 3 653 0 378 1 692 7 769 5 73 9 898
2 16 4 678 3 636 5 710 8 870 0 876 7 890 6 279 9 273 1 705
4 401 6 530 9 345 0 964 1 343 8 153 7 165 5 405 3 800 2 133
7 486 8 202 0 441 5 238 2 86 9 134 4 676 6 546 1 972 3 619
7 40 5 884 8 269 9 921 2 108 6 364 4 625 3 455 0 936 1 149
3 263 1 886 5 111 7 283 9 997 0 526 8 349 6 91 4 648 2 831
2 794 1 349 6 844 9 721 3 936 7 796 8 104 4 983 5 486 0 782
5 314 1 942 3 537 6 806 4 979 2 548 9 764 8 71 7 566 0 460
2 484 6 179 8 50 5 334 4 75 7 402 9 553 0 154 1 807 3 6
0 524 4 109 9 613 2 499 1 534 5 516 6 879 8 172 7 122 3 749
5 464 9 256 3 121 0 262 4 400 7 388 2 980 1 197 6 425 8 698
3 914 1 318 7 812 9 543 4 206 8 763 2 752 5 602 6 401 0 973
9 528 3 295 5 311 2 601 1 16 7 972 4 417 6 598 8 124 0 835
2 126 9 307 5 205 8 238 1 758 6 574 0 649 7 849 4 405 3 254
1 541 0 801 3 473 5 858 6 482 7 739 4 768 2 18 9 666 8 967
8 440 9 115 0 37 4 738 1 956 6 513 5 988 7 707 3 80 2 540
9 865 0 861 5 570 6 517 7 17 1 467 8 253 4 58 2 640 3 899
9 419 6 805 3 759 0 289 1 582 8 267 5 52 2 764 4 995 7 912
3 510 4 941 5 43 8 839 2 794 9 131 1 855 0 975 7 727 6 628
2 992 7 210 3 412 0 822 9 169 8 223 6 41 5 812 4 273 1 991
7 232 6 756 4 625 2 260 9 825 0 597 8 30 5 541 3 364 1 5
1 787 4 263 9 543 2 416 7 790 6 526 5 348 3 142 8 45 0 161
9 893 3 259 4 101 2 979 0 47 5 666 8 103 6 677 1 320 7 467
5 775 4 864 9 207 0 833 8 731 3 521 7 639 1 89 2 692 6 542
7 79 9 436 6 764 1 741 4 97 3 21 0 732 8 547 2 589 5 526
8 800 3 465 6 601 2 125 5 18 1 603 7 151 0 972 9 776 4 435
6 19 4 214 0 515 9 2 5 399 8 869 1 773 3 822 7 949 2 913
5 950 3 871 4 609 7 459 9 114 8 100 2 193 1 503 6 658 0 675
7 697 6 384 5 230 8 309 3 399 4 405 0 724 9 743 2 120 1 145
4 568 0 789 2 13 8 257 3 121 6 145 9 30 5 190 7 243 1 705
1 113 9 82 7 477 6 15 2 710 0 183 3 457 8 322 5 442 4 963
9 956 2 297 3 542 7 240 5 810 6 656 1 332 0 304 8 191 4 931
4 430 6 629 7 500 1 911 9 850 3 486 0 308 5 824 8 102 2 878
2 777 6 837 1 628 0 7 9 408 4 128 3 594 5 812 8 422 7 329
9 585 4 180 7 589 6 762 5 359 3 233 2 320 8 965 1 747 0 616
2 303 0 938 7 669 1 172 6 294 4 997 8 623 9 739 5 432 3 4
1 700 8 386 3 564 5 549 4 740 2 20 9 865 0 550 6 457 7 997
6 884 5 791 3 441 9 734 8 730 7 473 0 536 2 361 1 132 4 994
0 265 2 139 3 807 7 888 9 248 6 889 1 188 8 659 5 208 4 643
1 835 9 624 2 596 3 158 4 790 5 415 8 980 0 534 6 37 7 974
6 118 1 776 7 678 8 430 4 254 2 741 3 983 9 875 5 140 0 362
7 970 2 842 4 305 6 500 1 507 8 531 0 437 3 954 5 713 9 669
9 471 5 827 3 391 8 888 1 866 0 998 4 461 6 814 2 201 7 240
9 104 5 219 1 319 7 111 4 218 6 252 8 213 0 453 3 895 2 428
5 497 3 657 4 710 9 88 0 591 7 184 6 489 2 196 8 423 1 969
0 593 4 119 9 498 8 941 1 280 6 626 5 466 7 325 2 532 3 966
2 70 1 358 9 53 5 130 6 886 0 503 4 988 8 332 3 545 7 995
6 783 5 175 4 41 0 746 7 21 2 346 8 696 1 458 9 987 3 514
9 697 1 914 2 544 7 949 0 77 8 399 4 131 6 743 5 648 3 472
6 431 3 363 0 55 4 516 7 465 5 319 2 265 9 836 1 238 8 817
9 143 5 962 2 195 6 360 0 689 3 432 7 506 8 27 4 855 1 958
4 477 3 214 5 528 6 947 2 131 9 524 1 259 7 348 8 380 0 182
6 912 0 755 5 11 9 776 2 705 1 679 4 423 7 141 8 858 3 65
1 157 3 849 8 170 5 991 9 670 7 284 0 189 4 385 6 97 2 527
3 936 9 768 2 933 7 103 1 641 8 246 6 948 5 814 4 832 0 289
4 191 7 592 9 741 0 754 1 994 2 555 6 231 5 58 8 100 3 112
0 734 1 907 9 54 7 39 8 199 3 708 2 397 6 335 4 634 5 407
4 726 9 202 7 32 2 917 0 477 5 950 3 686 6 425 1 961 8 112
9 457 1 873 0 407 6 348 4 709 2 608 7 338 8 87 3 742 5 369
8 764 7 389 9 498 2 718 5 956 3 223 6 625 4 247 1 332 0 300
8 729 3 343 5 525 1 536 2 499 4 15 0 913 7 666 6 628 9 558
1 477 5 391 3 233 8 176 6 953 9 276 0 474 4 522 2 902 7 72
6 665 2 184 5 867 0 80 4 464 7 910 8 115 1 660 3 204 9 83
2 734 4 279 8 865 9 156 7 26 1 157 3 803 5 205 0 414 6 741
7 271 3 33 0 36 5 557 6 708 2 970 8 433 4 780 1 562 9 228
7 274 4 850 5 821 2 164 1 740 3 988 6 765 8 23 9 447 0 676
1 277 3 605 4 128 2 822 7 229 9 884 8 762 5 693 6 103 0 704
8 616 0 859 4 643 9 8 6 50 1 359 7 783 3 524 5 10 2 689
8 327 4 530 0 554 3 833 5 852 7 792 1 299 9 190 6 52 2 332
7 764 9 634 0 927 5 136 1 309 6 826 8 145 4 113 3 159 2 236
2 808 3 262 9 875 0 193 1 876 4 565 8 891 6 58 7 53 5 993
4 841 9 134 0 238 1 288 3 514 8 809 7 141 5 937 2 78 6 857
4 723 9 115 6 239 3 946 7 902 1 448 8 75 2 969 0 688 5 336
0 79 6 534 7 124 1 618 9 98 2 618 8 533 4 781 5 140 3 632
0 699 2 821 4 545 1 808 5 459 7 777 6 30 9 182 3 425 8 969
2 23 6 858 7 909 9 925 5 122 3 992 1 879 4 137 0 124 8 191
4 224 2 181 1 53 3 199 9 95 0 696 6 274 7 43 8 956 5 660
9 224 2 351 6 756 5 68 3 472 4 547 1 802 0 363 8 763 7 844
9 319 4 710 5 795 3 900 2 117 6 409 8 587 0 552 7 597 1 672
5 852 9 648 6 291 7 459 4 517 0 939 1 155 8 93 3 815 2 528
7 235 3 694 2 570 9 929 5 285 6 635 8 815 0 106 1 519 4 23
6 924 4 40 3 472 9 172 5 549 7 452 0 457 1 882 8 173 2 446
1 637 2 416 5 432 4 486 0 639 7 856 8 692 6 102 3 607 9 363
4 468 6 516 0 152 8 518 3 560 2 868 5 793 9 189 1 253 7 801
0 222 5 956 4 252 6 988 3 690 9 997 2 442 1 909 8 99 7 403
3 60 2 502 7 250 9 621 8 852 5 440 6 662 0 374 1 452 4 708
2 180 1 665 4 638 9 988 0 373 6 489 7 173 3 98 5 868 8 623
5 4 6 990 0 882 2 677 7 657 8 21 1 288 4 775 9 454 3 836
0 88 4 313 6 4 7 676 9 353 1 395 3 708 5 128 8 5 2 722
1 611 2 34 7 640 8 360 5 160 6 355 4 223 9 299 0 902 3 625
8 587 6 99 4 817 2 578 0 425 1 493 5 471 7 479 3 399 9 157
4 100 8 508 9 981 6 792 7 577 1 444 5 517 3 991 2 11 0 586
4 608 2 863 0 20 9 274 1 367 6 814 3 8 7 997 5 235 8 568
2 357 9 291 0 241 3 871 5 991 1 803 6 341 7 593 8 496 4 302
8 930 4 315 1 705 5 530 6 12 3 420 7 888 9 403 0 362 2 12
4 934 6 211 1 931 8 99 7 602 9 873 2 972 5 446 3 631 0 416
7 731 5 420 4 680 6 206 2 323 0 206 1 364 8 909 9 436 3 629
7 25 5 903 6 766 3 742 9 801 4 938 8 138 0 448 1 251 2 139
7 765 5 998 4 88 2 814 9 554 1 424 8 804 0 692 6 67 3 436
3 588 4 909 5 28 7 978 2 754 6 277 8 180 0 269 9 217 1 683
0 168 9 789 3 223 5 564 4 326 7 273 6 15 1 543 8 971 2 977
3 640 1 961 9 57 4 226 2 574 8 208 6 489 7 307 0 795 5 909
3 841 5 45 2 617 8 875 1 257 4 71 0 870 6 828 7 744 9 110
0 101 7 546 5 254 1 956 9 845 2 234 4 902 3 384 8 456 6 469
0 291 9 123 2 490 7 193 1 339 4 939 8 972 3 493 6 403 5 392
4 436 7 529 3 489 2 411 8 483 9 35 1 32 6 743 5 202 0 142
8 412 0 783 7 978 5 141 9 978 2 7 3 791 1 438 4 467 6 191
9 752 8 705 5 213 0 386 2 117 6 439 1 486 4 149 7 101 3 520
8 246 9 139 5 772 3 901 7 735 4 492 1 269 6 884 0 268 2 398
4 722 9 793 0 107 5 988 2 229 7 241 8 112 3 842 1 753 6 690
0 312 2 427 4 938 7 367 5 879 9 546 3 718 6 656 1 974 8 996
5 430 1 877 3 444 7 519 8 573 6 91 9 464 0 956 4 660 2 168
9 145 1 439 8 168 6 24 2 202 3 655 4 281 5 745 7 676 0 609
7 119 8 572 3 994 6 823 2 947 5 274 0 499 4 982 9 511 1 486
0 992 7 901 8 139 2 882 3 323 4 705 6 533 5 393 9 663 1 29
2 156 5 11 0 690 9 487 6 690 1 735 4 748 8 126 7 907 3 290
1 938 3 16 8 254 5 654 6 220 9 471 7 591 4 535 0 815 2 243
8 62 7 222 5 775 6 275 9 240 1 792 4 741 2 221 0 855 3 313
0 241 4 309 6 513 1 66 5 388 2 810 7 658 3 282 8 845 9 796
9 447 2 416 0 734 1 722 3 864 5 902 4 98 8 536 7 497 6 793
3 781 2 965 8 614 4 917 7 528 0 858 5 464 9 149 6 599 1 31
2 439 5 601 1 169 3 56 4 46 0 424 8 764 6 964 7 806 9 301
6 154 5 654 4 768 8 934 1 380 2 228 9 691 7 702 3 161 0 645
4 894 9 837 5 738 3 872 6 138 2 61 8 566 1 727 0 223 7 461
1 269 7 738 8 58 9 331 6 188 5 560 3 992 0 210 4 692 2 297
1 761 4 459 3 486 5 510 8 547 2 448 7 311 9 194 6 450 0 244
0 804 8 282 1 345 4 518 9 739 2 183 7 696 6 940 3 341 5 573
9 675 1 587 2 483 0 76 4 290 7 381 6 612 3 651 8 138 5 100
5 689 6 380 4 679 0 402 1 414 2 546 3 356 7 835 8 149 9 960
2 393 9 2 1 320 6 563 5 336 0 33 3 890 8 807 7 268 4 436
4 98 8 64 6 390 0 252 2 317 7 151 1 989 9 145 3 760 5 268
6 345 2 1 5 223 1 290 7 389 4 341 3 85 9 718 8 182 0 227
9 416 2 977 7 660 5 390 6 880 0 69 8 749 1 161 4 396 3 884
6 192 5 403 7 352 3 956 0 372 4 67 2 407 9 95 1 558 8 461
4 121 1 767 0 265 2 533 9 354 3 407 5 277 7 600 6 519 8 68
8 406 3 899 4 813 0 610 7 360 6 163 2 56 5 483 9 308 1 571
4 597 2 410 3 82 9 763 6 60 7 806 1 851 5 685 0 317 8 10
8 57 9 660 0 270 7 705 2 485 4 741 1 694 5 191 3 341 6 624
6 353 5 850 2 96 8 663 7 497 3 903 1 143 0 524 9 349 4 865
8 98 9 434 4 720 7 677 2 44 0 194 6 905 3 25 5 301 1 942
7 715 2 250 8 178 1 233 3 696 4 109 9 58 0 477 6 807 5 757
4 975 6 767 2 526 0 419 7 279 5 221 1 22 8 436 3 343 9 807
7 714 8 732 4 507 6 347 0 563 5 384 3 268 9 762 1 572 2 129
8 894 1 705 5 308 9 237 7 341 0 578 2 85 4 655 6 436 3 16
0 816 4 670 6 577 3 554 2 603 5 604 8 424 9 606 1 833 7 485
6 475 1 143 7 932 8 599 5 899 4 617 0 713 2 456 3 381 9 145
9 839 1 851 6 996 5 306 2 926 3 141 8 310 0 50 4 280 7 556
8 862 9 475 5 807 0 718 7 998 3 533 4 91 2 591 1 247 6 896
6 173 3 101 8 543 4 656 7 974 5 390 2 949 0 265 9 293 1 457
7 707 0 282 3 721 1 626 5 265 2 566 8 187 6 982 9 338 4 157
9 574 6 534 2 637 3 89 4 134 1 721 7 699 8 428 5 155 0 602
6 727 0 935 5 840 7 33 1 247 3 998 9 620 2 421 4 470 8 631
7 237 0 487 1 523 5 73 8 307 9 242 6 809 4 808 3 616 2 478
3 12 9 895 1 98 0 275 2 781 8 719 5 827 4 379 7 698 6 947
4 805 6 896 0 157 3 630 1 709 5 197 2 623 9 164 8 483 7 193
9 545 7 286 0 147 8 734 4 927 2 273 3 419 5 679 1 114 6 878
1 161 9 239 0 504 2 35 3 425 5 311 7 921 4 920 6 952 8 687
9 393 3 999 7 360 5 974 8 637 1 850 4 696 2 117 6 308 0 544
9 406 4 997 5 803 3 426 0 636 6 561 2 885 1 208 8 965 7 110
1 86 9 385 3 42 8 910 5 762 7 207 6 142 0 212 2 526 4 761
5 370 7 394 6 818 4 690 3 205 1 647 0 306 2 775 8 660 9 972
8 288 2 541 6 386 9 37 4 648 7 104 3 532 1 493 0 528 5 145
4 932 7 162 2 161 5 311 0 767 9 879 6 934 3 166 1 469 8 96
0 528 4 981 1 45 8 784 9 203 3 201 2 243 7 655 5 489 6 551
6 519 5 264 2 505 9 599 3 626 4 886 0 684 8 236 7 687 1 550
4 572 2 248 5 372 9 975 1 304 0 484 7 252 8 110 6 16 3 28
8 795 6 374 3 122 4 601 9 205 2 797 0 247 1 849 5 283 7 506
1 758 9 465 5 115 4 379 6 658 3 746 8 539 2 819 0 746 7 617
4 305 0 311 5 109 7 617 6 146 1 817 8 119 2 171 3 445 9 550
8 973 6 117 1 475 7 3 2 961 0 393 3 62 9 69 5 338 4 796
6 883 4 325 3 204 8 239 0 61 1 593 2 623 9 74 7 159 5 656
1 422 6 140 3 334 4 38 8 991 5 775 2 9 9 269 7 378 0 441
5 182 0 773 3 263 7 349 1 386 2 850 4 689 9 872 8 860 6 771
7 569 4 423 0 318 1 995 3 152 6 429 9 649 2 512 8 428 5 147
9 693 0 889 4 534 1 888 7 618 8 37 2 814 6 488 3 221 5 542
2 676 5 633 0 138 7 429 3 364 1 120 8 795 6 503 9 293 4 322
8 354 2 316 5 318 0 751 7 993 1 536 3 205 9 728 6 123 4 290
7 246 0 105 6 710 1 147 5 804 9 434 2 872 4 105 3 975 8 431
0 443 2 905 4 378 6 64 7 239 8 586 5 991 1 378 9 634 3 678
2 674 7 692 4 270 3 100 0 471 5 462 6 215 8 664 9 904 1 764
0 503 9 949 1 127 7 992 4 1 3 649 5 437 8 85 6 254 2 142
8 141 9 80 1 151 7 648 5 39 0 81 6 343 2 642 3 500 4 256
0 388 2 51 9 971 6 650 5 19 1 927 8 311 3 170 4 181 7 288
0 957 4 868 2 769 1 523 7 109 9 261 5 71 8 703 3 644 6 374
9 214 5 727 7 275 6 159 3 931 0 457 8 9 4 297 1 688 2 55
8 920 4 124 7 140 0 523 2 54 9 87 1 212 6 712 5 586 3 797
9 918 0 835 3 80 1 44 7 597 5 304 8 283 4 778 2 78 6 9
9 558 4 568 5 654 6 521 3 304 1 416 0 822 8 559 7 857 2 579
8 124 5 254 0 285 4 27 1 887 7 89 6 116 2 727 3 86 9 276
9 604 7 205 0 830 1 518 5 820 2 385 6 159 8 922 4 253 3 196
1 929 3 316 2 615 6 128 5 192 7 89 8 509 9 495 0 705 4 855
8 750 5 924 6 592 4 883 9 257 3 73 1 248 2 482 7 796 0 15
5 718 2 951 9 17 4 765 8 162 0 187 7 174 1 743 6 882 3 43
3 23 0 415 6 517 2 811 8 322 9 649 1 609 7 968 5 871 4 193
9 754 4 604 8 882 5 679 2 448 1 754 3 559 0 962 7 147 6 784
2 800 3 979 5 742 4 741 7 413 6 696 8 413 0 256 9 57 1 73
2 348 6 440 4 85 3 631 9 13 1 922 8 924 5 936 7 589 0 805
2 715 4 48 5 45 0 794 9 210 1 1 8 432 7 86 3 938 6 659
9 709 5 633 8 885 0 262 6 627 4 649 2 357 3 244 1 659 7 728
1 402 3 812 5 775 9 621 2 364 4 609 6 590 8 926 0 841 7 265
9 984 4 147 1 307 5 489 2 396 0 533 3 305 6 14 7 676 8 269
0 545 9 422 3 193 7 97 2 111 1 837 8 97 4 985 6 532 5 19
2 785 4 888 9 869 8 867 5 889 7 6 1 119 6 295 0 667 3 834
1 964 7 183 8 86 2 413 5 645 3 608 4 501 6 601 9 444 0 849
9 520 0 497 8 821 7 816 4 372 5 266 1 553 6 587 2 348 3 871
1 390 5 723 6 843 9 506 7 70 3 867 4 500 2 654 0 169 8 254
6 232 8 682 1 250 9 150 7 123 4 240 5 780 3 265 0 572 2 195
6 767 1 38 4 959 0 879 9 691 8 726 2 537 5 810 3 367 7 461
1 879 8 752 4 959 0 847 6 620 3 188 5 576 7 207 2 805 9 498
3 856 1 963 2 226 8 507 9 519 6 547 4 707 7 471 0 388 5 105
6 332 9 70 7 134 3 194 2 847 5 938 8 744 0 514 1 133 4 956
8 183 5 902 2 64 1 567 4 283 6 107 0 520 9 754 3 328 7 708
6 528 7 54 9 136 3 344 1 812 0 903 8 438 2 394 5 98 4 456
7 825 4 138 8 361 3 527 1 700 0 689 2 722 5 8 9 646 6 730
1 298 4 365 2 899 7 203 0 330 3 274 9 782 6 227 5 579 8 406
5 121 9 477 4 73 3 582 2 3 1 931 7 11 6 388 8 884 0 438
8 587 7 469 9 424 5 241 1 656 0 201 4 726 6 102 3 270 2 427
8 787 7 248 4 575 5 263 0 480 1 135 3 24 9 35 6 413 2 898
5 978 4 830 2 312 7 919 3 100 8 318 9 814 0 430 1 106 6 102
5 909 9 140 0 940 8 796 4 331 3 107 6 76 1 992 7 215 2 6
1 477 7 856 0 626 8 73 3 405 4 120 6 841 5 447 2 64 9 999
1 578 2 406 8 929 7 125 6 785 3 62 9 420 0 857 5 526 4 935
7 581 0 679 9 308 4 375 2 951 3 398 5 888 6 922 8 714 1 856
2 140 1 588 0 180 8 410 6 327 5 634 4 267 9 43 7 675 3 639
2 684 3 450 9 435 5 594 4 931 0 80 7 191 8 621 1 951 6 372
3 774 7 112 1 777 6 397 5 38 2 852 8 713 4 82 9 138 0 507
3 853 8 861 0 385 4 668 1 71 7 671 2 807 9 102 5 890 6 957
8 442 2 10 1 849 6 63 5 763 3 442 0 236 9 225 4 807 7 496
9 928 1 515 7 690 6 687 8 961 2 483 4 879 0 894 3 54 5 651
9 45 5 771 2 794 1 36 8 33 4 964 0 922 3 681 6 356 7 488
9 520 5 913 4 282 3 580 0 59 6 556 1 934 7 338 8 441 2 62
1 13 4 188 6 954 0 154 3 798 7 382 5 234 2 534 9 706 8 10
7 330 1 260 2 85 5 564 4 619 6 720 0 81 9 685 8 793 3 5
1 980 7 118 0 800 9 363 5 278 6 690 2 646 8 955 3 281 4 958
7 341 8 107 0 980 2 53 5 650 9 316 3 646 1 379 6 607 4 208
8 492 4 403 3 985 1 658 6 431 0 324 9 423 2 6 5 677 7 742
7 936 2 15 0 714 6 594 3 751 8 439 5 586 1 64 9 398 4 617
9 614 6 786 7 340 2 826 1 689 3 182 0 909 5 686 4 870 8 825
7 988 3 623 9 784 0 734 1 983 4 489 6 733 2 813 5 399 8 977
2 600 4 161 8 91 3 459 6 10 9 130 7 432 1 322 0 84 5 905
0 799 4 106 9 963 6 410 7 699 8 697 2 800 1 715 3 805 5 828
6 643 2 747 0 862 3 191 7 211 8 78 4 432 9 556 5 741 1 429
2 713 8 93 4 807 0 394 3 293 1 148 6 288 5 201 7 936 9 783
5 62 4 810 7 61 1 929 8 883 6 938 2 333 9 315 0 612 3 537
9 119 8 962 1 255 5 839 2 576 3 338 0 593 6 64 7 896 4 25
5 402 2 831 9 457 0 190 3 678 6 862 8 148 4 519 7 368 1 451
7 770 4 410 2 148 6 62 3 955 8 323 9 506 0 190 5 231 1 333
6 474 4 940 3 511 9 764 0 736 5 288 2 455 1 566 8 62 7 967
1 954 7 466 4 560 8 966 6 26 5 288 3 568 2 488 0 722 9 480
7 366 0 963 4 626 2 951 5 388 9 745 8 311 6 356 1 108 3 531
7 236 5 873 8 166 3 431 1 9 9 309 4 897 6 722 2 446 0 422
3 565 7 112 0 932 4 196 9 251 1 888 5 184 6 648 8 122 2 997
0 373 4 19 8 767 9 95 2 133 1 211 5 672 3 721 6 139 7 24
6 653 4 659 2 616 0 293 9 603 3 511 1 97 5 802 8 822 7 904
0 721 3 127 4 27 8 583 1 984 7 570 5 71 2 960 9 600 6 873
0 184 5 921 2 319 9 396 4 310 8 378 1 990 6 81 3 796 7 455
7 429 9 315 6 729 5 339 8 312 3 420 1 166 2 535 0 170 4 447
1 380 8 656 2 813 0 523 7 115 3 703 5 412 6 698 4 201 9 393
8 13 5 744 2 117 4 775 9 261 1 854 7 463 6 560 0 497 3 53
7 278 6 90 3 735 1 24 5 589 2 607 0 488 4 675 8 771 9 660
4 130 0 456 1 581 2 5 3 277 5 200 8 794 9 772 6 922 7 574
9 556 8 937 3 987 6 839 5 486 7 467 4 43 1 326 0 190 2 493
2 355 3 460 0 216 6 708 7 270 1 724 8 44 4 396 5 522 9 133
0 493 2 57 9 860 8 680 5 207 6 675 4 262 7 417 3 892 1 163
8 655 5 691 2 243 9 187 6 479 0 852 3 30 4 298 7 709 1 24
4 471 7 861 2 616 8 137 1 846 6 657 9 142 0 3 5 705 3 44
1 844 6 822 3 233 7 267 8 83 4 309 9 981 5 510 0 771 2 555
3 45 6 784 0 199 9 957 8 388 2 163 7 804 5 450 1 411 4 656
8 959 5 304 0 822 6 460 9 963 7 576 2 382 1 670 3 203 4 281
3 490 1 876 7 202 6 146 2 466 9 230 5 108 4 73 0 826 8 122
5 129 9 721 4 824 1 438 3 270 7 32 6 722 0 341 2 959 8 590
0 191 6 248 2 589 9 417 1 696 7 670 4 568 3 742 8 666 5 974
7 937 6 826 5 467 4 17 8 71 2 246 9 150 3 45 1 596 0 113
3 45 7 235 9 434 4 991 1 74 2 722 5 664 6 903 8 546 0 61
1 395 0 379 6 294 8 439 5 147 4 256 9 343 3 479 2 795 7 77
7 862 0 262 4 604 3 177 8 558 2 677 1 727 6 709 9 599 5 764
5 861 2 816 1 791 4 141 6 333 7 289 8 486 3 999 9 816 0 247
2 286 8 391 5 909 3 925 9 461 0 360 4 700 6 321 7 913 1 235
3 945 0 939 6 975 8 354 9 592 4 123 1 648 2 518 7 879 5 531
6 745 3 560 5 668 8 852 4 829 7 20 1 899 9 12 2 441 0 322
1 820 4 140 9 892 3 846 5 408 0 792 2 248 7 832 6 934 8 216
1 9 2 470 3 158 5 348 8 401 7 605 0 504 4 196 9 542 6 886
2 18 8 708 0 441 7 924 1 797 6 639 9 716 4 612 3 475 5 347
7 975 4 134 1 327 6 74 2 582 5 256 3 424 0 553 9 251 8 170
5 115 3 201 7 75 1 44 8 285 4 626 0 888 9 475 2 570 6 143
8 731 9 242 3 740 0 965 1 603 6 301 2 44 4 958 7 423 5 641
7 630 4 114 5 179 0 48 9 276 3 637 8 858 1 201 6 282 2 427
1 577 4 171 5 521 9 551 8 948 6 953 2 570 3 475 0 7 7 433
2 24 8 610 9 91 7 239 0 82 3 57 1 811 5 751 6 700 4 940
6 97 9 464 3 954 2 526 0 506 8 35 7 89 1 72 4 35 5 299
1 361 3 482 0 319 4 374 2 250 8 215 6 230 5 865 9 833 7 354
6 627 8 315 0 872 7 807 2 314 1 912 5 120 9 733 4 172 3 877
9 931 4 903 6 392 8 707 1 914 3 465 2 320 0 228 5 864 7 560
3 741 7 187 8 945 4 626 2 736 5 224 6 683 9 109 0 543 1 729
0 279 7 412 8 472 4 132 9 84 6 155 1 972 5 656 2 937 3 339
5 571 9 308 0 812 2 377 3 504 6 135 4 187 7 761 8 408 1 967
8 694 7 393 6 125 1 173 3 719 0 640 2 497 9 157 4 792 5 229
4 538 8 291 0 696 2 187 1 513 6 577 9 897 7 730 3 38 5 965
9 969 7 665 0 67 6 495 2 858 3 999 8 259 1 800 4 472 5 666
0 871 7 382 4 559 3 206 2 429 9 453 8 887 1 463 6 222 5 216
9 685 6 754 5 842 7 44 2 983 0 229 8 395 1 325 3 67 4 399
3 202 1 225 6 788 4 314 8 977 7 139 0 203 2 173 5 622 9 419
5 550 7 102 0 489 8 472 6 351 4 349 2 283 1 543 3 828 9 579
0 27 1 261 5 950 6 857 4 70 7 896 2 128 8 117 9 617 3 740
8 222 6 104 4 62 1 650 7 191 2 259 5 457 0 747 9 273 3 999
6 118 8 202 5 216 2 771 4 113 7 943 9 538 3 840 0 410 1 919
5 322 9 193 3 891 8 873 1 47 6 798 4 991 7 100 0 104 2 584
3 120 7 28 8 414 9 839 0 989 5 971 6 670 2 446 4 231 1 932
4 529 9 936 6 926 2 690 8 770 1 188 7 20 3 15 0 644 5 876
4 942 7 578 1 661 5 908 8 507 0 847 9 443 3 245 2 2 6 314
7 210 6 689 1 740 0 374 8 879 4 601 5 219 9 136 3 315 2 658
2 950 4 265 7 167 1 478 0 642 6 152 8 441 9 766 3 214 5 589
6 217 4 685 5 267 2 858 0 386 1 496 3 598 8 277 7 688 9 714
9 644 8 928 7 394 4 556 3 529 1 713 5 292 2 793 6 628 0 956
5 93 0 640 3 106 6 799 1 415 8 331 9 486 4 926 7 640 2 884
6 522 2 421 0 132 9 870 7 365 5 132 1 557 8 225 4 649 3 740
6 336 7 288 0 591 1 864 8 317 4 589 3 130 9 655 2 771 5 725
2 724 8 293 9 21 0 85 6 689 5 569 7 557 3 315 1 878 4 802
7 764 2 354 3 997 8 906 4 315 6 645 9 737 1 700 5 537 0 220
6 176 9 970 3 521 1 924 4 929 2 239 0 390 5 937 8 963 7 692
4 534 7 383 0 32 8 822 1 673 5 830 6 573 3 876 2 733 9 828
4 167 9 166 1 48 8 876 2 867 5 633 6 640 3 420 0 521 7 663
1 890 7 676 2 462 0 163 6 205 8 994 9 189 5 210 4 266 3 451
0 986 7 149 6 667 1 188 3 339 9 171 5 749 4 654 8 771 2 659
8 283 3 848 6 371 9 248 7 24 0 423 5 623 1 189 2 297 4 824
0 155 8 295 2 860 9 277 5 600 4 394 7 657 3 862 6 799 1 371
6 188 2 655 4 793 9 357 8 372 1 544 7 337 0 880 3 499 5 250
7 950 8 723 6 514 4 852 1 24 2 594 0 105 3 189 5 238 9 683
4 864 1 428 9 626 2 50 3 428 6 4 7 178 8 460 0 33 5 475
6 284 4 704 7 609 8 266 0 5 1 921 9 790 5 142 2 70 3 601
1 698 3 85 5 923 6 632 2 960 0 524 9 137 8 66 7 454 4 605
0 940 5 926 6 850 8 310 7 98 2 946 1 654 3 732 4 143 9 172
4 641 7 231 2 998 0 956 1 316 6 422 5 49 8 333 9 901 3 828
8 774 2 658 7 931 0 546 9 406 5 341 1 351 4 4 6 562 3 938
3 652 5 960 0 172 4 923 6 947 2 912 7 655 9 573 8 485 1 689
6 148 3 247 1 669 7 76 8 563 2 922 9 657 5 10 0 410 4 436
8 397 5 324 7 749 3 903 0 260 4 576 1 338 9 502 2 253 6 879
8 663 3 760 0 814 9 508 5 635 4 781 1 95 7 687 2 710 6 789
4 261 5 759 3 69 6 368 0 481 1 423 7 702 9 392 8 445 2 39
0 36 6 242 7 642 2 651 5 639 4 228 1 849 9 520 3 884 8 208
3 892 4 491 5 957 2 671 6 264 9 716 1 284 8 521 7 266 0 855
7 713 5 912 9 683 3 827 8 413 6 772 0 193 2 651 1 315 4 945
1 251 6 587 3 322 5 133 7 136 2 868 0 209 8 669 4 549 9 1000
4 880 2 647 8 409 3 722 0 302 5 474 6 31 1 156 7 469 9 602
8 648 1 884 7 406 0 600 9 770 6 264 5 609 2 894 4 296 3 718
9 958 7 48 4 383 1 976 5 681 3 334 6 531 2 157 8 638 0 278
2 220 8 771 4 129 3 14 6 304 9 360 5 952 7 879 1 230 0 32
7 431 8 165 2 68 4 977 1 256 0 707 6 342 5 34 3 69 9 483
1 436 4 114 9 259 8 899 5 550 6 277 0 557 2 211 3 799 7 576
2 146 9 883 3 595 8 62 1 388 0 338 4 301 7 579 6 206 5 25
0 402 7 453 6 897 3 525 2 596 4 451 5 787 8 108 1 732 9 366
0 132 7 239 8 823 6 228 4 94 1 853 2 907 9 691 3 617 5 536
9 247 0 402 3 841 4 560 8 581 1 555 2 789 5 278 6 356 7 813
8 92 0 348 7 438 1 342 3 669 5 87 2 194 4 62 6 747 9 270
9 775 8 855 2 251 0 861 7 991 5 648 1 940 3 122 6 443 4 856
1 282 8 680 9 449 5 551 2 655 4 642 3 110 6 552 0 415 7 471
2 137 3 763 7 486 4 675 9 166 5 392 0 720 8 511 1 148 6 110
8 164 7 271 5 36 0 81 6 294 3 217 2 54 1 921 4 744 9 373
3 393 7 143 1 708 8 440 6 791 9 987 2 96 0 843 5 75 4 312
0 615 4 200 2 1000 7 313 3 848 8 252 1 471 5 6 9 533 6 944
0 540 2 958 9 355 7 378 5 142 3 248 1 88 4 272 8 201 6 317
1 974 3 932 9 754 4 164 2 530 8 315 6 166 0 993 7 33 5 688
9 159 2 40 4 409 1 334 3 676 7 643 6 271 5 50 0 532 8 283
9 346 0 918 8 319 1 36 7 946 2 714 3 337 6 801 5 734 4 358
5 452 4 630 0 74 6 826 3 9 2 228 8 417 9 534 7 282 1 710
2 109 0 125 4 111 5 699 3 688 1 460 6 275 7 725 9 733 8 713
0 26 8 998 7 584 9 255 5 194 6 730 4 375 1 509 3 514 2 711
3 860 5 870 1 883 9 48 7 264 0 915 2 770 4 754 6 789 8 532
7 239 1 662 6 80 5 959 0 446 4 357 8 513 2 639 3 119 9 770
3 856 7 437 6 372 1 256 5 206 0 924 2 519 4 228 9 637 8 886
0 573 2 334 7 701 1 828 5 770 3 657 6 932 4 35 8 226 9 530
9 49 5 474 4 953 3 845 2 134 8 472 1 169 7 530 6 143 0 946
5 126 4 895 1 787 7 370 6 479 8 215 9 398 2 571 3 131 0 368
6 512 9 57 5 668 3 290 1 366 7 918 2 957 0 644 8 131 4 518
1 740 0 688 3 282 8 876 5 28 9 790 4 779 6 109 7 755 2 647
3 632 1 578 4 498 0 440 7 770 8 116 9 126 2 662 6 845 5 568
1 409 3 792 5 452 2 370 8 918 7 968 0 571 6 813 4 144 9 668
9 607 0 376 5 837 3 169 1 940 4 325 6 588 8 503 2 123 7 403
5 744 9 751 3 925 1 267 4 720 6 616 7 385 8 703 0 773 2 874
7 342 0 38 3 231 6 290 4 126 8 797 2 268 9 291 5 319 1 975
7 286 4 766 5 646 6 861 8 112 2 552 0 34 9 9 1 445 3 130
4 371 9 660 2 117 5 790 7 757 6 32 3 628 0 997 8 805 1 247
4 673 6 933 0 510 2 290 1 560 9 608 3 792 5 406 8 604 7 280
5 351 4 96 3 677 9 358 0 443 6 393 7 993 8 729 1 985 2 821
7 930 5 380 9 301 0 198 3 573 2 144 4 986 8 765 6 498 1 441
4 88 7 488 6 629 1 749 2 801 0 623 9 335 5 814 8 280 3 921
3 129 4 353 9 182 6 939 7 135 1 719 0 938 8 808 5 613 2 537
1 437 2 437 4 529 3 688 0 615 8 867 9 132 6 626 7 209 5 95
8 494 1 105 3 960 4 670 2 357 0 221 9 66 5 618 7 890 6 898
5 33 7 786 1 872 4 780 2 617 0 669 3 121 9 927 6 832 8 679
1 399 0 43 2 489 4 324 6 300 5 708 3 484 9 113 7 751 8 479
4 806 0 210 5 316 6 705 7 272 1 646 2 790 3 994 8 662 9 670
0 899 1 726 3 223 2 37 7 636 6 36 4 444 9 162 8 480 5 432
2 407 1 952 4 668 0 627 6 378 5 614 3 865 9 490 8 688 7 986
6 554 2 148 4 28 8 409 7 968 9 988 3 596 1 618 5 683 0 839
6 113 0 360 9 439 4 79 3 822 8 254 2 962 5 494 7 659 1 140
3 230 0 815 4 949 9 960 6 823 7 477 5 683 2 256 8 530 1 175
6 775 4 212 2 135 1 747 5 880 7 873 8 261 0 927 3 912 9 463
6 409 8 552 1 70 9 252 2 171 5 745 4 555 7 617 0 477 3 373
9 577 3 610 5 48 0 999 6 796 2 507 8 836 1 342 7 985 4 790
1 276 2 951 7 510 0 562 4 780 6 954 5 149 8 621 3 609 9 823
5 904 2 689 4 867 7 665 9 370 0 581 6 401 1 744 3 344 8 522
8 777 0 77 7 419 5 574 3 610 9 110 6 866 2 862 4 760 1 657
6 696 8 643 7 995 1 349 0 471 5 759 9 637 3 484 4 64 2 745
7 382 1 13 5 281 4 973 9 526 0 967 2 793 8 487 6 262 3 503
6 587 0 877 9 531 2 34 4 780 8 756 3 752 7 142 1 290 5 531
7 574 3 618 9 284 1 52 0 715 2 463 4 576 5 625 8 325 6 214
6 621 2 483 8 673 9 856 0 182 5 389 1 413 3 356 4 326 7 615
7 598 4 387 9 142 3 142 0 166 1 680 2 577 5 313 8 605 6 460
6 577 5 407 4 475 3 222 2 488 9 612 8 840 7 663 0 172 1 523
9 448 5 778 8 775 7 852 2 623 3 714 6 962 0 702 4 572 1 47
4 854 1 72 6 317 5 192 9 335 2 754 0 783 7 948 8 230 3 377
0 847 5 924 4 705 2 879 6 442 7 376 8 761 1 640 3 190 9 482
3 111 8 808 5 131 0 351 2 547 1 435 6 34 4 569 7 827 9 573
3 136 5 689 7 389 1 760 4 102 9 218 2 266 6 995 8 1 0 785
5 966 8 999 7 273 6 193 9 520 0 661 3 544 4 964 2 458 1 219
6 480 5 179 0 509 2 990 9 161 8 766 7 565 1 234 4 79 3 471
0 76 8 468 7 380 4 312 3 910 2 888 5 295 6 13 1 297 9 550
7 384 8 644 4 478 3 799 9 246 1 441 0 816 5 302 2 280 6 758
6 200 4 114 7 68 5 48 8 19 1 368 3 511 0 124 9 889 2 693
7 362 6 24 0 850 2 921 4 805 5 887 8 822 3 334 9 186 1 116
8 505 3 800 4 689 0 944 2 122 7 975 9 492 1 814 6 431 5 759
2 310 6 931 0 447 9 665 8 837 7 643 3 843 1 554 5 168 4 926
8 202 3 785 2 54 5 234 9 7 6 62 0 214 4 538 7 465 1 238
3 669 8 52 0 783 4 203 2 447 5 801 7 342 9 288 1 501 6 605
5 672 7 290 2 759 6 934 8 75 9 842 3 590 1 401 0 563 4 64
0 288 9 143 3 524 6 489 7 169 4 151 1 929 8 801 5 803 2 142
1 314 0 27 8 410 6 857 7 422 2 372 4 79 5 787 3 933 9 16
1 62 5 650 0 399 9 21 7 662 8 219 4 871 6 996 2 588 3 774
2 110 3 494 8 604 9 236 5 421 7 122 4 550 1 892 6 563 0 516
1 841 6 270 8 182 0 282 3 382 5 207 9 2 4 936 2 228 7 307
3 123 0 467 9 347 4 360 1 393 6 930 8 863 2 566 5 495 7 401
7 995 8 213 0 848 4 416 6 967 2 528 1 823 5 392 3 520 9 269
4 96 9 509 5 891 2 118 6 329 0 486 3 862 1 193 7 55 8 145
1 34 0 595 3 958 9 972 6 640 4 468 8 184 2 455 7 311 5 660
4 249 1 853 3 768 9 436 8 693 7 394 0 334 6 398 2 719 5 134
3 789 4 974 8 175 2 206 6 446 7 538 1 758 0 212 5 428 9 181
4 329 7 109 9 334 0 41 8 272 1 824 2 753 3 754 6 418 5 575
4 729 3 384 1 895 7 125 2 805 5 845 9 561 0 408 8 644 6 133
1 696 3 424 2 303 9 546 8 33 4 477 7 341 5 591 0 722 6 247
7 901 9 69 4 828 0 174 6 331 3 481 2 605 8 314 5 362 1 950
9 210 0 397 4 690 1 495 3 110 8 645 5 134 2 165 7 745 6 302
0 198 5 174 3 335 4 75 2 476 8 79 9 883 6 757 1 284 7 608
4 816 2 100 6 517 5 989 1 565 3 402 0 254 7 110 9 131 8 959
8 343 4 164 5 20 0 935 6 301 2 827 7 337 9 96 3 121 1 287
9 447 2 568 6 702 1 151 8 584 7 507 3 6 5 703 4 570 0 225
2 872 0 185 3 398 8 742 1 687 5 763 4 735 6 371 9 298 7 76
3 276 0 11 4 251 9 831 7 948 2 192 1 407 6 122 8 101 5 115
0 353 9 513 2 881 3 858 5 691 6 435 8 630 4 707 1 962 7 574
7 64 2 503 3 308 4 871 8 661 6 250 1 297 5 729 9 29 0 431
5 627 2 39 3 68 9 969 0 916 1 893 8 486 6 571 7 235 4 791
4 782 0 865 9 850 6 301 7 410 1 552 3 902 2 103 5 574 8 456
4 868 8 290 2 51 1 690 3 317 7 485 5 212 6 460 0 398 9 285
7 357 1 633 2 886 0 947 9 417 3 437 4 780 5 848 8 678 6 6
8 373 4 655 2 663 1 343 5 895 0 288 7 790 9 390 3 981 6 261
8 428 5 397 4 512 7 445 3 534 0 982 9 406 6 951 1 589 2 575
6 89 1 608 9 939 5 812 0 599 4 597 3 165 8 516 2 401 7 628
9 401 4 756 1 842 8 101 2 925 7 152 5 710 3 590 0 217 6 288
6 844 2 315 3 731 0 135 8 186 4 517 7 181 1 518 9 731 5 593
2 45 0 663 5 576 7 337 9 345 1 358 8 840 3 408 4 84 6 185
5 933 1 407 6 218 0 633 4 85 8 141 2 668 7 897 9 633 3 539
0 936 7 570 6 358 4 524 2 680 3 897 5 757 8 812 9 157 1 920
2 497 4 240 1 816 5 473 3 629 8 187 6 28 7 602 0 911 9 169
1 52 4 337 0 957 5 515 8 5 9 489 2 410 7 75 6 175 3 213
8 685 6 650 4 133 1 793 0 343 9 389 7 982 3 744 2 583 5 814
1 392 7 407 9 123 2 719 4 937 6 897 5 525 3 593 0 145 8 588
8 296 9 458 6 231 7 800 3 53 4 61 2 446 0 128 1 462 5 52
5 915 2 249 9 567 4 912 0 398 6 279 1 884 7 921 3 875 8 159
4 786 0 361 6 420 8 495 2 894 5 178 3 372 7 274 9 684 1 936
5 811 0 831 4 846 1 689 2 129 9 897 3 881 8 137 6 1 7 890
2 325 6 882 9 780 5 304 0 217 3 177 8 982 4 545 1 312 7 500
0 217 1 499 8 140 9 671 5 220 7 276 2 557 6 318 4 983 3 768
3 782 1 780 5 6 9 513 6 365 4 121 8 87 2 705 7 85 0 243
9 746 3 899 7 66 5 220 8 949 6 751 2 56 4 761 1 105 0 788
2 855 4 914 3 932 0 47 9 959 8 637 7 219 1 794 5 981 6 149
7 100 4 344 3 567 6 360 9 614 1 477 2 786 8 847 0 989 5 307
6 405 1 654 0 38 3 391 2 265 8 227 7 219 4 873 9 711 5 795
5 475 9 314 0 254 6 392 7 49 3 928 4 544 8 487 2 960 1 133
7 945 4 797 6 240 1 222 3 795 8 778 9 943 0 87 2 912 5 454
1 575 5 524 6 485 7 23 9 879 3 706 8 518 4 205 0 377 2 283
2 556 6 733 9 792 0 392 7 689 5 1 1 436 4 274 3 692 8 296
9 612 6 657 8 341 1 50 2 774 3 765 0 630 4 972 7 365 5 819
4 515 3 546 1 400 5 511 8 368 7 370 2 395 6 600 9 798 0 525
0 565 3 905 8 378 6 881 2 637 5 171 9 82 7 153 4 505 1 192
7 749 9 230 0 404 6 370 1 270 4 134 3 851 8 962 5 755 2 643
3 509 9 541 1 776 8 111 0 917 2 73 4 396 5 619 6 189 7 981
2 29 1 759 0 217 9 998 8 381 7 52 4 469 6 533 5 960 3 477
4 3 5 934 9 688 0 923 7 717 1 612 2 319 8 655 3 219 6 448
8 896 2 531 1 218 9 881 3 187 5 930 6 497 4 85 7 139 0 398
8 993 2 317 5 406 9 824 7 697 6 230 4 504 0 113 3 715 1 84
3 436 1 87 0 143 5 145 7 480 8 356 6 25 4 803 2 20 9 753
6 129 3 844 8 511 2 63 1 584 7 339 9 854 4 886 5 170 0 560
9 386 0 622 6 540 1 652 8 749 3 611 4 626 5 198 7 721 2 118
8 437 9 898 4 356 1 877 0 40 6 677 5 139 3 757 7 54 2 540
8 970 1 14 2 314 5 801 4 790 9 365 6 43 3 79 7 919 0 375
5 705 7 541 6 222 4 640 0 144 3 870 8 246 1 396 2 432 9 402
1 762 3 941 7 22 4 757 9 267 2 259 5 620 6 541 0 892 8 401
6 239 7 201 9 828 2 20 0 802 5 420 8 223 4 263 1 727 3 873
6 258 2 449 3 365 7 753 8 745 4 32 9 515 1 639 0 823 5 215
6 543 8 557 9 768 7 835 2 347 3 960 5 542 0 571 1 588 4 597
2 247 5 742 4 865 6 79 3 391 0 638 9 933 8 265 1 831 7 26
7 936 5 669 6 706 9 633 1 752 2 895 4 240 0 690 3 87 8 68
8 657 3 889 7 970 0 476 5 367 4 140 6 726 9 806 2 336 1 243
5 343 6 211 2 839 1 78 8 822 4 442 7 78 9 600 0 270 3 155
7 154 9 41 6 35 5 71 4 275 0 306 1 215 3 60 8 687 2 721
4 122 1 799 9 866 7 605 3 182 5 114 8 971 0 331 6 37 2 365
1 342 4 22 2 663 9 48 3 593 5 22 6 323 7 527 8 254 0 423
9 65 0 446 6 356 7 970 3 594 5 627 1 538 2 352 8 709 4 964
1 74 9 635 0 31 8 949 4 149 7 391 3 846 5 60 6 560 2 805
1 218 5 312 3 27 8 849 6 209 7 443 9 946 0 633 4 533 2 816
0 666 5 422 9 732 2 903 8 449 7 95 4 371 6 86 1 594 3 360
0 24 1 410 4 588 9 586 3 819 5 299 8 543 6 668 7 439 2 725
8 330 7 295 5 3 0 594 6 427 1 911 3 808 4 653 9 28 2 813
7 391 9 10 3 606 8 313 5 993 2 946 4 221 0 613 1 529 6 922
2 968 5 749 8 537 3 346 0 723 9 722 4 48 6 915 1 379 7 110
9 853 4 978 7 181 0 202 2 323 1 577 3 963 5 988 6 81 8 45
5 932 1 420 9 765 3 114 0 543 4 908 6 508 8 194 7 340 2 176
8 752 1 20 2 791 0 507 7 271 3 913 6 314 4 425 9 332 5 90
6 813 5 523 0 36 7 534 2 69 9 37 4 591 1 768 8 270 3 220
5 968 2 292 3 974 9 131 8 739 7 562 4 232 0 748 1 179 6 147
0 754 2 371 5 141 4 625 7 987 8 838 1 948 6 491 3 620 9 401
6 641 9 357 3 914 2 207 1 519 0 438 5 85 7 763 4 657 8 507
4 297 7 571 8 297 0 785 3 278 9 190 6 341 1 695 5 598 2 124
6 159 5 938 7 618 0 52 9 50 3 443 1 433 8 619 2 405 4 275
1 214 9 32 0 973 8 406 7 445 3 629 5 331 6 949 2 219 4 247
7 110 1 942 9 415 6 126 4 327 3 238 5 192 0 488 8 592 2 582
5 980 0 800 6 23 2 739 3 986 7 245 1 885 9 247 8 244 4 749
3 773 4 614 2 853 0 160 1 171 8 203 6 787 7 704 5 203 9 168
7 489 3 518 4 435 9 836 1 204 2 264 8 374 5 95 0 840 6 486
3 694 8 465 2 614 5 717 9 813 6 537 1 852 0 731 7 200 4 642
5 689 1 256 9 841 4 519 3 395 6 245 0 879 8 350 7 383 2 327
5 996 7 531 8 708 0 580 3 563 9 35 2 549 4 374 6 188 1 665
4 801 8 685 0 365 1 862 3 537 7 94 5 470 2 217 6 373 9 33
8 281 2 86 3 747 7 129 9 357 1 234 6 117 5 389 0 598 4 133
3 86 9 147 4 994 2 816 6 913 1 628 5 882 0 982 8 349 7 499
3 699 4 575 9 689 8 654 2 784 5 760 6 496 1 407 7 870 0 6
0 737 8 245 7 379 3 904 9 662 5 179 1 636 4 981 6 479 2 458
6 90 4 331 3 379 1 18 5 248 2 254 9 826 7 235 0 396 8 841
4 953 6 579 5 695 0 319 3 626 8 440 9 739 7 690 1 400 2 228
2 400 3 877 8 612 5 393 4 315 7 85 0 719 9 466 1 395 6 865
0 117 2 697 6 729 9 947 8 626 1 279 4 443 3 263 5 700 7 230
4 749 0 208 8 852 2 754 9 54 5 170 6 146 1 166 3 98 7 794
